-4 12 12 2 -5 0 2 -5 0 2 0 0 2 0 0 2 0 0 2 0 0 2 0 0 2 0 0
12 -4 12 -5 2 -1 -5 2 -1 0 2 0 0 2 0 0 2 0 0 2 0 0 2 0 0 2 0
12 12 -4 0 -1 2 0 -1 2 0 0 2 0 0 2 0 0 2 0 0 2 0 0 2 0 0 2
2 -5 0 -4 12 12 2 -5 0 2 -5 0 2 -5 0 2 0 0 2 0 0 2 0 0 2 0 0
-5 2 -1 12 -4 12 -5 2 -1 -5 2 -1 -5 2 -1 0 2 0 0 2 0 0 2 0 0 2 0
0 -1 2 12 12 -4 0 -1 2 0 -1 2 0 -1 2 0 0 2 0 0 2 0 0 2 0 0 2
2 -5 0 2 -5 0 -4 12 12 2 0 0 2 -5 0 2 -5 0 2 0 0 2 0 0 2 0 0
-5 2 -1 -5 2 -1 12 -4 12 0 2 0 -5 2 -1 -5 2 -1 0 2 0 0 2 0 0 2 0
0 -1 2 0 -1 2 12 12 -4 0 0 2 0 -1 2 0 -1 2 0 0 2 0 0 2 0 0 2
2 0 0 2 -5 0 2 0 0 -4 12 12 2 -5 0 2 0 0 2 -5 0 2 0 0 2 0 0
0 2 0 -5 2 -1 0 2 0 12 -4 12 -5 2 -1 0 2 0 -5 2 -1 0 2 0 0 2 0
0 0 2 0 -1 2 0 0 2 12 12 -4 0 -1 2 0 0 2 0 -1 2 0 0 2 0 0 2
2 0 0 2 -5 0 2 -5 0 2 -5 0 -4 12 12 2 -5 0 2 -5 0 2 -5 0 2 0 0
0 2 0 -5 2 -1 -5 2 -1 -5 2 -1 12 -4 12 -5 2 -1 -5 2 -1 -5 2 -1 0 2 0
0 0 2 0 -1 2 0 -1 2 0 -1 2 12 12 -4 0 -1 2 0 -1 2 0 -1 2 0 0 2
2 0 0 2 0 0 2 -5 0 2 0 0 2 -5 0 -4 12 12 2 0 0 2 -5 0 2 0 0
0 2 0 0 2 0 -5 2 -1 0 2 0 -5 2 -1 12 -4 12 0 2 0 -5 2 -1 0 2 0
0 0 2 0 0 2 0 -1 2 0 0 2 0 -1 2 12 12 -4 0 0 2 0 -1 2 0 0 2
2 0 0 2 0 0 2 0 0 2 -5 0 2 -5 0 2 0 0 -4 12 12 2 -5 0 2 -5 0
0 2 0 0 2 0 0 2 0 -5 2 -1 -5 2 -1 0 2 0 12 -4 12 -5 2 -1 -5 2 -1
0 0 2 0 0 2 0 0 2 0 -1 2 0 -1 2 0 0 2 12 12 -4 0 -1 2 0 -1 2
2 0 0 2 0 0 2 0 0 2 0 0 2 -5 0 2 -5 0 2 -5 0 -4 12 12 2 -5 0
0 2 0 0 2 0 0 2 0 0 2 0 -5 2 -1 -5 2 -1 -5 2 -1 12 -4 12 -5 2 -1
0 0 2 0 0 2 0 0 2 0 0 2 0 -1 2 0 -1 2 0 -1 2 12 12 -4 0 -1 2
2 0 0 2 0 0 2 0 0 2 0 0 2 0 0 2 0 0 2 -5 0 2 -5 0 -4 12 12
0 2 0 0 2 0 0 2 0 0 2 0 0 2 0 0 2 0 -5 2 -1 -5 2 -1 12 -4 12
0 0 2 0 0 2 0 0 2 0 0 2 0 0 2 0 0 2 0 -1 2 0 -1 2 12 12 -4
