-4 10 2 -4 2 -4 2 0 2 0 2 0 2 0 2 0 2 0
10 -4 -4 2 -4 2 0 2 0 2 0 2 0 2 0 2 0 2
2 -4 -4 10 2 -4 2 -4 2 -4 2 0 2 0 2 0 2 0
-4 2 10 -4 -4 2 -4 2 -4 2 0 2 0 2 0 2 0 2
2 -4 2 -4 -4 10 2 0 2 -4 2 -4 2 0 2 0 2 0
-4 2 -4 2 10 -4 0 2 -4 2 -4 2 0 2 0 2 0 2
2 0 2 -4 2 0 -4 10 2 -4 2 0 2 -4 2 0 2 0
0 2 -4 2 0 2 10 -4 -4 2 0 2 -4 2 0 2 0 2
2 0 2 -4 2 -4 2 -4 -4 10 2 -4 2 -4 2 -4 2 0
0 2 -4 2 -4 2 -4 2 10 -4 -4 2 -4 2 -4 2 0 2
2 0 2 0 2 -4 2 0 2 -4 -4 10 2 0 2 -4 2 0
0 2 0 2 -4 2 0 2 -4 2 10 -4 0 2 -4 2 0 2
2 0 2 0 2 0 2 -4 2 -4 2 0 -4 10 2 -4 2 -4
0 2 0 2 0 2 -4 2 -4 2 0 2 10 -4 -4 2 -4 2
2 0 2 0 2 0 2 0 2 -4 2 -4 2 -4 -4 10 2 -4
0 2 0 2 0 2 0 2 -4 2 -4 2 -4 2 10 -4 -4 2
2 0 2 0 2 0 2 0 2 0 2 0 2 -4 2 -4 -4 10
0 2 0 2 0 2 0 2 0 2 0 2 -4 2 -4 2 10 -4
