-4 12 12 12 12 12 12 5 0 0 0 0 0 0 5 0 0 0 0 0 0 5 0 0 0 0 0 0 5 0 0 0 0 0 0 5 0 0 0 0 0 0 5 0 0 0 0 0 0 5 0 0 0 0 0 0 5 0 0 0 0 0 0 
12 -4 12 12 12 12 12 0 5 0 0 0 0 0 0 5 0 0 0 0 0 0 5 0 0 0 0 0 0 5 0 0 0 0 0 0 5 0 0 0 0 0 0 5 0 0 0 0 0 0 5 0 0 0 0 0 0 5 0 0 0 0 0 
12 12 -4 12 12 12 12 0 0 5 0 0 -1 0 0 0 5 0 0 -1 0 0 0 5 0 0 0 0 0 0 5 0 0 0 0 0 0 5 0 0 0 0 0 0 5 0 0 0 0 0 0 5 0 0 0 0 0 0 5 0 0 0 0 
12 12 12 -4 12 12 12 0 0 0 5 0 0 0 0 0 0 5 0 0 0 0 0 0 5 0 0 0 0 0 0 5 0 0 0 0 0 0 5 0 0 0 0 0 0 5 0 0 0 0 0 0 5 0 0 0 0 0 0 5 0 0 0 
12 12 12 12 -4 12 12 0 0 0 0 5 0 0 0 0 0 0 5 0 0 0 0 0 0 5 0 0 0 0 0 0 5 0 0 0 0 0 0 5 0 0 0 0 0 0 5 0 0 0 0 0 0 5 0 0 0 0 0 0 5 0 0 
12 12 12 12 12 -4 12 0 0 -1 0 0 5 -5 0 0 -1 0 0 5 -5 0 0 0 0 0 5 0 0 0 0 0 0 5 0 0 0 0 0 0 5 0 0 0 0 0 0 5 0 0 0 0 0 0 5 0 0 0 0 0 0 5 0 
12 12 12 12 12 12 -4 0 0 0 0 0 -5 5 0 0 0 0 0 -5 5 0 0 0 0 0 0 5 0 0 0 0 0 0 5 0 0 0 0 0 0 5 0 0 0 0 0 0 5 0 0 0 0 0 0 5 0 0 0 0 0 0 5 
5 0 0 0 0 0 0 -4 12 12 12 12 12 12 5 0 0 0 0 0 0 5 0 0 0 0 0 0 5 0 0 0 0 0 0 5 0 0 0 0 0 0 5 0 0 0 0 0 0 5 0 0 0 0 0 0 5 0 0 0 0 0 0 
0 5 0 0 0 0 0 12 -4 12 12 12 12 12 0 5 0 0 0 0 0 0 5 0 0 0 0 0 0 5 0 0 0 0 0 0 5 0 0 0 0 0 0 5 0 0 0 0 0 0 5 0 0 0 0 0 0 5 0 0 0 0 0 
0 0 5 0 0 -1 0 12 12 -4 12 12 12 12 0 0 5 0 0 -1 0 0 0 5 0 0 -1 0 0 0 5 0 0 -1 0 0 0 5 0 0 0 0 0 0 5 0 0 0 0 0 0 5 0 0 0 0 0 0 5 0 0 0 0 
0 0 0 5 0 0 0 12 12 12 -4 12 12 12 0 0 0 5 0 0 0 0 0 0 5 0 0 0 0 0 0 5 0 0 0 0 0 0 5 0 0 0 0 0 0 5 0 0 0 0 0 0 5 0 0 0 0 0 0 5 0 0 0 
0 0 0 0 5 0 0 12 12 12 12 -4 12 12 0 0 0 0 5 0 0 0 0 0 0 5 0 0 0 0 0 0 5 0 0 0 0 0 0 5 0 0 0 0 0 0 5 0 0 0 0 0 0 5 0 0 0 0 0 0 5 0 0 
0 0 -1 0 0 5 -5 12 12 12 12 12 -4 12 0 0 -1 0 0 5 -5 0 0 -1 0 0 5 -5 0 0 -1 0 0 5 -5 0 0 0 0 0 5 0 0 0 0 0 0 5 0 0 0 0 0 0 5 0 0 0 0 0 0 5 0 
0 0 0 0 0 -5 5 12 12 12 12 12 12 -4 0 0 0 0 0 -5 5 0 0 0 0 0 -5 5 0 0 0 0 0 -5 5 0 0 0 0 0 0 5 0 0 0 0 0 0 5 0 0 0 0 0 0 5 0 0 0 0 0 0 5 
5 0 0 0 0 0 0 5 0 0 0 0 0 0 -4 12 12 12 12 12 12 5 0 0 0 0 0 0 5 0 0 0 0 0 0 5 0 0 0 0 0 0 5 0 0 0 0 0 0 5 0 0 0 0 0 0 5 0 0 0 0 0 0 
0 5 0 0 0 0 0 0 5 0 0 0 0 0 12 -4 12 12 12 12 12 0 5 0 0 0 0 0 0 5 0 0 0 0 0 0 5 0 0 0 0 0 0 5 0 0 0 0 0 0 5 0 0 0 0 0 0 5 0 0 0 0 0 
0 0 5 0 0 -1 0 0 0 5 0 0 -1 0 12 12 -4 12 12 12 12 0 0 5 0 0 0 0 0 0 5 0 0 -1 0 0 0 5 0 0 -1 0 0 0 5 0 0 0 0 0 0 5 0 0 0 0 0 0 5 0 0 0 0 
0 0 0 5 0 0 0 0 0 0 5 0 0 0 12 12 12 -4 12 12 12 0 0 0 5 0 0 0 0 0 0 5 0 0 0 0 0 0 5 0 0 0 0 0 0 5 0 0 0 0 0 0 5 0 0 0 0 0 0 5 0 0 0 
0 0 0 0 5 0 0 0 0 0 0 5 0 0 12 12 12 12 -4 12 12 0 0 0 0 5 0 0 0 0 0 0 5 0 0 0 0 0 0 5 0 0 0 0 0 0 5 0 0 0 0 0 0 5 0 0 0 0 0 0 5 0 0 
0 0 -1 0 0 5 -5 0 0 -1 0 0 5 -5 12 12 12 12 12 -4 12 0 0 0 0 0 5 0 0 0 -1 0 0 5 -5 0 0 -1 0 0 5 -5 0 0 0 0 0 5 0 0 0 0 0 0 5 0 0 0 0 0 0 5 0 
0 0 0 0 0 -5 5 0 0 0 0 0 -5 5 12 12 12 12 12 12 -4 0 0 0 0 0 0 5 0 0 0 0 0 -5 5 0 0 0 0 0 -5 5 0 0 0 0 0 0 5 0 0 0 0 0 0 5 0 0 0 0 0 0 5 
5 0 0 0 0 0 0 5 0 0 0 0 0 0 5 0 0 0 0 0 0 -4 12 12 12 12 12 12 5 0 0 0 0 0 0 5 0 0 0 0 0 0 5 0 0 0 0 0 0 5 0 0 0 0 0 0 5 0 0 0 0 0 0 
0 5 0 0 0 0 0 0 5 0 0 0 0 0 0 5 0 0 0 0 0 12 -4 12 12 12 12 12 0 5 0 0 0 0 0 0 5 0 0 0 0 0 0 5 0 0 0 0 0 0 5 0 0 0 0 0 0 5 0 0 0 0 0 
0 0 5 0 0 0 0 0 0 5 0 0 -1 0 0 0 5 0 0 0 0 12 12 -4 12 12 12 12 0 0 5 0 0 -1 0 0 0 5 0 0 0 0 0 0 5 0 0 -1 0 0 0 5 0 0 0 0 0 0 5 0 0 0 0 
0 0 0 5 0 0 0 0 0 0 5 0 0 0 0 0 0 5 0 0 0 12 12 12 -4 12 12 12 0 0 0 5 0 0 0 0 0 0 5 0 0 0 0 0 0 5 0 0 0 0 0 0 5 0 0 0 0 0 0 5 0 0 0 
0 0 0 0 5 0 0 0 0 0 0 5 0 0 0 0 0 0 5 0 0 12 12 12 12 -4 12 12 0 0 0 0 5 0 0 0 0 0 0 5 0 0 0 0 0 0 5 0 0 0 0 0 0 5 0 0 0 0 0 0 5 0 0 
0 0 0 0 0 5 0 0 0 -1 0 0 5 -5 0 0 0 0 0 5 0 12 12 12 12 12 -4 12 0 0 -1 0 0 5 -5 0 0 0 0 0 5 0 0 0 -1 0 0 5 -5 0 0 0 0 0 5 0 0 0 0 0 0 5 0 
0 0 0 0 0 0 5 0 0 0 0 0 -5 5 0 0 0 0 0 0 5 12 12 12 12 12 12 -4 0 0 0 0 0 -5 5 0 0 0 0 0 0 5 0 0 0 0 0 -5 5 0 0 0 0 0 0 5 0 0 0 0 0 0 5 
5 0 0 0 0 0 0 5 0 0 0 0 0 0 5 0 0 0 0 0 0 5 0 0 0 0 0 0 -4 12 12 12 12 12 12 5 0 0 0 0 0 0 5 0 0 0 0 0 0 5 0 0 0 0 0 0 5 0 0 0 0 0 0 
0 5 0 0 0 0 0 0 5 0 0 0 0 0 0 5 0 0 0 0 0 0 5 0 0 0 0 0 12 -4 12 12 12 12 12 0 5 0 0 0 0 0 0 5 0 0 0 0 0 0 5 0 0 0 0 0 0 5 0 0 0 0 0 
0 0 5 0 0 0 0 0 0 5 0 0 -1 0 0 0 5 0 0 -1 0 0 0 5 0 0 -1 0 12 12 -4 12 12 12 12 0 0 5 0 0 -1 0 0 0 5 0 0 -1 0 0 0 5 0 0 -1 0 0 0 5 0 0 0 0 
0 0 0 5 0 0 0 0 0 0 5 0 0 0 0 0 0 5 0 0 0 0 0 0 5 0 0 0 12 12 12 -4 12 12 12 0 0 0 5 0 0 0 0 0 0 5 0 0 0 0 0 0 5 0 0 0 0 0 0 5 0 0 0 
0 0 0 0 5 0 0 0 0 0 0 5 0 0 0 0 0 0 5 0 0 0 0 0 0 5 0 0 12 12 12 12 -4 12 12 0 0 0 0 5 0 0 0 0 0 0 5 0 0 0 0 0 0 5 0 0 0 0 0 0 5 0 0 
0 0 0 0 0 5 0 0 0 -1 0 0 5 -5 0 0 -1 0 0 5 -5 0 0 -1 0 0 5 -5 12 12 12 12 12 -4 12 0 0 -1 0 0 5 -5 0 0 -1 0 0 5 -5 0 0 -1 0 0 5 -5 0 0 0 0 0 5 0 
0 0 0 0 0 0 5 0 0 0 0 0 -5 5 0 0 0 0 0 -5 5 0 0 0 0 0 -5 5 12 12 12 12 12 12 -4 0 0 0 0 0 -5 5 0 0 0 0 0 -5 5 0 0 0 0 0 -5 5 0 0 0 0 0 0 5 
5 0 0 0 0 0 0 5 0 0 0 0 0 0 5 0 0 0 0 0 0 5 0 0 0 0 0 0 5 0 0 0 0 0 0 -4 12 12 12 12 12 12 5 0 0 0 0 0 0 5 0 0 0 0 0 0 5 0 0 0 0 0 0 
0 5 0 0 0 0 0 0 5 0 0 0 0 0 0 5 0 0 0 0 0 0 5 0 0 0 0 0 0 5 0 0 0 0 0 12 -4 12 12 12 12 12 0 5 0 0 0 0 0 0 5 0 0 0 0 0 0 5 0 0 0 0 0 
0 0 5 0 0 0 0 0 0 5 0 0 0 0 0 0 5 0 0 -1 0 0 0 5 0 0 0 0 0 0 5 0 0 -1 0 12 12 -4 12 12 12 12 0 0 5 0 0 0 0 0 0 5 0 0 -1 0 0 0 5 0 0 0 0 
0 0 0 5 0 0 0 0 0 0 5 0 0 0 0 0 0 5 0 0 0 0 0 0 5 0 0 0 0 0 0 5 0 0 0 12 12 12 -4 12 12 12 0 0 0 5 0 0 0 0 0 0 5 0 0 0 0 0 0 5 0 0 0 
0 0 0 0 5 0 0 0 0 0 0 5 0 0 0 0 0 0 5 0 0 0 0 0 0 5 0 0 0 0 0 0 5 0 0 12 12 12 12 -4 12 12 0 0 0 0 5 0 0 0 0 0 0 5 0 0 0 0 0 0 5 0 0 
0 0 0 0 0 5 0 0 0 0 0 0 5 0 0 0 -1 0 0 5 -5 0 0 0 0 0 5 0 0 0 -1 0 0 5 -5 12 12 12 12 12 -4 12 0 0 0 0 0 5 0 0 0 -1 0 0 5 -5 0 0 0 0 0 5 0 
0 0 0 0 0 0 5 0 0 0 0 0 0 5 0 0 0 0 0 -5 5 0 0 0 0 0 0 5 0 0 0 0 0 -5 5 12 12 12 12 12 12 -4 0 0 0 0 0 0 5 0 0 0 0 0 -5 5 0 0 0 0 0 0 5 
5 0 0 0 0 0 0 5 0 0 0 0 0 0 5 0 0 0 0 0 0 5 0 0 0 0 0 0 5 0 0 0 0 0 0 5 0 0 0 0 0 0 -4 12 12 12 12 12 12 5 0 0 0 0 0 0 5 0 0 0 0 0 0 
0 5 0 0 0 0 0 0 5 0 0 0 0 0 0 5 0 0 0 0 0 0 5 0 0 0 0 0 0 5 0 0 0 0 0 0 5 0 0 0 0 0 12 -4 12 12 12 12 12 0 5 0 0 0 0 0 0 5 0 0 0 0 0 
0 0 5 0 0 0 0 0 0 5 0 0 0 0 0 0 5 0 0 0 0 0 0 5 0 0 -1 0 0 0 5 0 0 -1 0 0 0 5 0 0 0 0 12 12 -4 12 12 12 12 0 0 5 0 0 -1 0 0 0 5 0 0 -1 0 
0 0 0 5 0 0 0 0 0 0 5 0 0 0 0 0 0 5 0 0 0 0 0 0 5 0 0 0 0 0 0 5 0 0 0 0 0 0 5 0 0 0 12 12 12 -4 12 12 12 0 0 0 5 0 0 0 0 0 0 5 0 0 0 
0 0 0 0 5 0 0 0 0 0 0 5 0 0 0 0 0 0 5 0 0 0 0 0 0 5 0 0 0 0 0 0 5 0 0 0 0 0 0 5 0 0 12 12 12 12 -4 12 12 0 0 0 0 5 0 0 0 0 0 0 5 0 0 
0 0 0 0 0 5 0 0 0 0 0 0 5 0 0 0 0 0 0 5 0 0 0 -1 0 0 5 -5 0 0 -1 0 0 5 -5 0 0 0 0 0 5 0 12 12 12 12 12 -4 12 0 0 -1 0 0 5 -5 0 0 -1 0 0 5 -5 
0 0 0 0 0 0 5 0 0 0 0 0 0 5 0 0 0 0 0 0 5 0 0 0 0 0 -5 5 0 0 0 0 0 -5 5 0 0 0 0 0 0 5 12 12 12 12 12 12 -4 0 0 0 0 0 -5 5 0 0 0 0 0 -5 5 
5 0 0 0 0 0 0 5 0 0 0 0 0 0 5 0 0 0 0 0 0 5 0 0 0 0 0 0 5 0 0 0 0 0 0 5 0 0 0 0 0 0 5 0 0 0 0 0 0 -4 12 12 12 12 12 12 5 0 0 0 0 0 0 
0 5 0 0 0 0 0 0 5 0 0 0 0 0 0 5 0 0 0 0 0 0 5 0 0 0 0 0 0 5 0 0 0 0 0 0 5 0 0 0 0 0 0 5 0 0 0 0 0 12 -4 12 12 12 12 12 0 5 0 0 0 0 0 
0 0 5 0 0 0 0 0 0 5 0 0 0 0 0 0 5 0 0 0 0 0 0 5 0 0 0 0 0 0 5 0 0 -1 0 0 0 5 0 0 -1 0 0 0 5 0 0 -1 0 12 12 -4 12 12 12 12 0 0 5 0 0 -1 0 
0 0 0 5 0 0 0 0 0 0 5 0 0 0 0 0 0 5 0 0 0 0 0 0 5 0 0 0 0 0 0 5 0 0 0 0 0 0 5 0 0 0 0 0 0 5 0 0 0 12 12 12 -4 12 12 12 0 0 0 5 0 0 0 
0 0 0 0 5 0 0 0 0 0 0 5 0 0 0 0 0 0 5 0 0 0 0 0 0 5 0 0 0 0 0 0 5 0 0 0 0 0 0 5 0 0 0 0 0 0 5 0 0 12 12 12 12 -4 12 12 0 0 0 0 5 0 0 
0 0 0 0 0 5 0 0 0 0 0 0 5 0 0 0 0 0 0 5 0 0 0 0 0 0 5 0 0 0 -1 0 0 5 -5 0 0 -1 0 0 5 -5 0 0 -1 0 0 5 -5 12 12 12 12 12 -4 12 0 0 -1 0 0 5 -5 
0 0 0 0 0 0 5 0 0 0 0 0 0 5 0 0 0 0 0 0 5 0 0 0 0 0 0 5 0 0 0 0 0 -5 5 0 0 0 0 0 -5 5 0 0 0 0 0 -5 5 12 12 12 12 12 12 -4 0 0 0 0 0 -5 5 
5 0 0 0 0 0 0 5 0 0 0 0 0 0 5 0 0 0 0 0 0 5 0 0 0 0 0 0 5 0 0 0 0 0 0 5 0 0 0 0 0 0 5 0 0 0 0 0 0 5 0 0 0 0 0 0 -4 12 12 12 12 12 12 
0 5 0 0 0 0 0 0 5 0 0 0 0 0 0 5 0 0 0 0 0 0 5 0 0 0 0 0 0 5 0 0 0 0 0 0 5 0 0 0 0 0 0 5 0 0 0 0 0 0 5 0 0 0 0 0 12 -4 12 12 12 12 12 
0 0 5 0 0 0 0 0 0 5 0 0 0 0 0 0 5 0 0 0 0 0 0 5 0 0 0 0 0 0 5 0 0 0 0 0 0 5 0 0 0 0 0 0 5 0 0 -1 0 0 0 5 0 0 -1 0 12 12 -4 12 12 12 12 
0 0 0 5 0 0 0 0 0 0 5 0 0 0 0 0 0 5 0 0 0 0 0 0 5 0 0 0 0 0 0 5 0 0 0 0 0 0 5 0 0 0 0 0 0 5 0 0 0 0 0 0 5 0 0 0 12 12 12 -4 12 12 12 
0 0 0 0 5 0 0 0 0 0 0 5 0 0 0 0 0 0 5 0 0 0 0 0 0 5 0 0 0 0 0 0 5 0 0 0 0 0 0 5 0 0 0 0 0 0 5 0 0 0 0 0 0 5 0 0 12 12 12 12 -4 12 12 
0 0 0 0 0 5 0 0 0 0 0 0 5 0 0 0 0 0 0 5 0 0 0 0 0 0 5 0 0 0 0 0 0 5 0 0 0 0 0 0 5 0 0 0 -1 0 0 5 -5 0 0 -1 0 0 5 -5 12 12 12 12 12 -4 12 
0 0 0 0 0 0 5 0 0 0 0 0 0 5 0 0 0 0 0 0 5 0 0 0 0 0 0 5 0 0 0 0 0 0 5 0 0 0 0 0 0 5 0 0 0 0 0 -5 5 0 0 0 0 0 -5 5 12 12 12 12 12 12 -4 
