-4 12 12 12 12 12 12 5 0 0 0 0 -4 0 5 0 0 0 0 -4 0 5 0 0 0 0 0 0 5 0 0 0 0 0 0 5 0 0 0 0 0 0 5 0 0 0 0 0 0 5 0 0 0 0 0 0 5 0 0 0 0 0 0 
12 -4 12 12 12 12 12 0 5 0 0 0 0 0 0 5 0 0 0 0 0 0 5 0 0 0 0 0 0 5 0 0 0 0 0 0 5 0 0 0 0 0 0 5 0 0 0 0 0 0 5 0 0 0 0 0 0 5 0 0 0 0 0 
12 12 -4 12 12 12 12 0 0 5 0 0 0 0 0 0 5 0 0 0 0 0 0 5 0 0 0 0 0 0 5 0 0 0 0 0 0 5 0 0 0 0 0 0 5 0 0 0 0 0 0 5 0 0 0 0 0 0 5 0 0 0 0 
12 12 12 -4 12 12 12 0 0 0 5 0 0 0 0 0 0 5 0 0 0 0 0 0 5 0 0 0 0 0 0 5 0 0 0 0 0 0 5 0 0 0 0 0 0 5 0 0 0 0 0 0 5 0 0 0 0 0 0 5 0 0 0 
12 12 12 12 -4 12 12 0 0 0 0 5 0 0 0 0 0 0 5 0 0 0 0 0 0 5 0 0 0 0 0 0 5 0 0 0 0 0 0 5 0 0 0 0 0 0 5 0 0 0 0 0 0 5 0 0 0 0 0 0 5 0 0 
12 12 12 12 12 -4 12 -4 0 0 0 0 5 -3 -4 0 0 0 0 5 -3 0 0 0 0 0 5 0 0 0 0 0 0 5 0 0 0 0 0 0 5 0 0 0 0 0 0 5 0 0 0 0 0 0 5 0 0 0 0 0 0 5 0 
12 12 12 12 12 12 -4 0 0 0 0 0 -3 5 0 0 0 0 0 -3 5 0 0 0 0 0 0 5 0 0 0 0 0 0 5 0 0 0 0 0 0 5 0 0 0 0 0 0 5 0 0 0 0 0 0 5 0 0 0 0 0 0 5 
5 0 0 0 0 -4 0 -4 12 12 12 12 12 12 5 0 0 0 0 -4 0 5 0 0 0 0 -4 0 5 0 0 0 0 -4 0 5 0 0 0 0 0 0 5 0 0 0 0 0 0 5 0 0 0 0 0 0 5 0 0 0 0 0 0 
0 5 0 0 0 0 0 12 -4 12 12 12 12 12 0 5 0 0 0 0 0 0 5 0 0 0 0 0 0 5 0 0 0 0 0 0 5 0 0 0 0 0 0 5 0 0 0 0 0 0 5 0 0 0 0 0 0 5 0 0 0 0 0 
0 0 5 0 0 0 0 12 12 -4 12 12 12 12 0 0 5 0 0 0 0 0 0 5 0 0 0 0 0 0 5 0 0 0 0 0 0 5 0 0 0 0 0 0 5 0 0 0 0 0 0 5 0 0 0 0 0 0 5 0 0 0 0 
0 0 0 5 0 0 0 12 12 12 -4 12 12 12 0 0 0 5 0 0 0 0 0 0 5 0 0 0 0 0 0 5 0 0 0 0 0 0 5 0 0 0 0 0 0 5 0 0 0 0 0 0 5 0 0 0 0 0 0 5 0 0 0 
0 0 0 0 5 0 0 12 12 12 12 -4 12 12 0 0 0 0 5 0 0 0 0 0 0 5 0 0 0 0 0 0 5 0 0 0 0 0 0 5 0 0 0 0 0 0 5 0 0 0 0 0 0 5 0 0 0 0 0 0 5 0 0 
-4 0 0 0 0 5 -3 12 12 12 12 12 -4 12 -4 0 0 0 0 5 -3 -4 0 0 0 0 5 -3 -4 0 0 0 0 5 -3 0 0 0 0 0 5 0 0 0 0 0 0 5 0 0 0 0 0 0 5 0 0 0 0 0 0 5 0 
0 0 0 0 0 -3 5 12 12 12 12 12 12 -4 0 0 0 0 0 -3 5 0 0 0 0 0 -3 5 0 0 0 0 0 -3 5 0 0 0 0 0 0 5 0 0 0 0 0 0 5 0 0 0 0 0 0 5 0 0 0 0 0 0 5 
5 0 0 0 0 -4 0 5 0 0 0 0 -4 0 -4 12 12 12 12 12 12 5 0 0 0 0 0 0 5 0 0 0 0 -4 0 5 0 0 0 0 -4 0 5 0 0 0 0 0 0 5 0 0 0 0 0 0 5 0 0 0 0 0 0 
0 5 0 0 0 0 0 0 5 0 0 0 0 0 12 -4 12 12 12 12 12 0 5 0 0 0 0 0 0 5 0 0 0 0 0 0 5 0 0 0 0 0 0 5 0 0 0 0 0 0 5 0 0 0 0 0 0 5 0 0 0 0 0 
0 0 5 0 0 0 0 0 0 5 0 0 0 0 12 12 -4 12 12 12 12 0 0 5 0 0 0 0 0 0 5 0 0 0 0 0 0 5 0 0 0 0 0 0 5 0 0 0 0 0 0 5 0 0 0 0 0 0 5 0 0 0 0 
0 0 0 5 0 0 0 0 0 0 5 0 0 0 12 12 12 -4 12 12 12 0 0 0 5 0 0 0 0 0 0 5 0 0 0 0 0 0 5 0 0 0 0 0 0 5 0 0 0 0 0 0 5 0 0 0 0 0 0 5 0 0 0 
0 0 0 0 5 0 0 0 0 0 0 5 0 0 12 12 12 12 -4 12 12 0 0 0 0 5 0 0 0 0 0 0 5 0 0 0 0 0 0 5 0 0 0 0 0 0 5 0 0 0 0 0 0 5 0 0 0 0 0 0 5 0 0 
-4 0 0 0 0 5 -3 -4 0 0 0 0 5 -3 12 12 12 12 12 -4 12 0 0 0 0 0 5 0 -4 0 0 0 0 5 -3 -4 0 0 0 0 5 -3 0 0 0 0 0 5 0 0 0 0 0 0 5 0 0 0 0 0 0 5 0 
0 0 0 0 0 -3 5 0 0 0 0 0 -3 5 12 12 12 12 12 12 -4 0 0 0 0 0 0 5 0 0 0 0 0 -3 5 0 0 0 0 0 -3 5 0 0 0 0 0 0 5 0 0 0 0 0 0 5 0 0 0 0 0 0 5 
5 0 0 0 0 0 0 5 0 0 0 0 -4 0 5 0 0 0 0 0 0 -4 12 12 12 12 12 12 5 0 0 0 0 -4 0 5 0 0 0 0 0 0 5 0 0 0 0 -4 0 5 0 0 0 0 0 0 5 0 0 0 0 0 0 
0 5 0 0 0 0 0 0 5 0 0 0 0 0 0 5 0 0 0 0 0 12 -4 12 12 12 12 12 0 5 0 0 0 0 0 0 5 0 0 0 0 0 0 5 0 0 0 0 0 0 5 0 0 0 0 0 0 5 0 0 0 0 0 
0 0 5 0 0 0 0 0 0 5 0 0 0 0 0 0 5 0 0 0 0 12 12 -4 12 12 12 12 0 0 5 0 0 0 0 0 0 5 0 0 0 0 0 0 5 0 0 0 0 0 0 5 0 0 0 0 0 0 5 0 0 0 0 
0 0 0 5 0 0 0 0 0 0 5 0 0 0 0 0 0 5 0 0 0 12 12 12 -4 12 12 12 0 0 0 5 0 0 0 0 0 0 5 0 0 0 0 0 0 5 0 0 0 0 0 0 5 0 0 0 0 0 0 5 0 0 0 
0 0 0 0 5 0 0 0 0 0 0 5 0 0 0 0 0 0 5 0 0 12 12 12 12 -4 12 12 0 0 0 0 5 0 0 0 0 0 0 5 0 0 0 0 0 0 5 0 0 0 0 0 0 5 0 0 0 0 0 0 5 0 0 
0 0 0 0 0 5 0 -4 0 0 0 0 5 -3 0 0 0 0 0 5 0 12 12 12 12 12 -4 12 -4 0 0 0 0 5 -3 0 0 0 0 0 5 0 -4 0 0 0 0 5 -3 0 0 0 0 0 5 0 0 0 0 0 0 5 0 
0 0 0 0 0 0 5 0 0 0 0 0 -3 5 0 0 0 0 0 0 5 12 12 12 12 12 12 -4 0 0 0 0 0 -3 5 0 0 0 0 0 0 5 0 0 0 0 0 -3 5 0 0 0 0 0 0 5 0 0 0 0 0 0 5 
5 0 0 0 0 0 0 5 0 0 0 0 -4 0 5 0 0 0 0 -4 0 5 0 0 0 0 -4 0 -4 12 12 12 12 12 12 5 0 0 0 0 -4 0 5 0 0 0 0 -4 0 5 0 0 0 0 -4 0 5 0 0 0 0 0 0 
0 5 0 0 0 0 0 0 5 0 0 0 0 0 0 5 0 0 0 0 0 0 5 0 0 0 0 0 12 -4 12 12 12 12 12 0 5 0 0 0 0 0 0 5 0 0 0 0 0 0 5 0 0 0 0 0 0 5 0 0 0 0 0 
0 0 5 0 0 0 0 0 0 5 0 0 0 0 0 0 5 0 0 0 0 0 0 5 0 0 0 0 12 12 -4 12 12 12 12 0 0 5 0 0 0 0 0 0 5 0 0 0 0 0 0 5 0 0 0 0 0 0 5 0 0 0 0 
0 0 0 5 0 0 0 0 0 0 5 0 0 0 0 0 0 5 0 0 0 0 0 0 5 0 0 0 12 12 12 -4 12 12 12 0 0 0 5 0 0 0 0 0 0 5 0 0 0 0 0 0 5 0 0 0 0 0 0 5 0 0 0 
0 0 0 0 5 0 0 0 0 0 0 5 0 0 0 0 0 0 5 0 0 0 0 0 0 5 0 0 12 12 12 12 -4 12 12 0 0 0 0 5 0 0 0 0 0 0 5 0 0 0 0 0 0 5 0 0 0 0 0 0 5 0 0 
0 0 0 0 0 5 0 -4 0 0 0 0 5 -3 -4 0 0 0 0 5 -3 -4 0 0 0 0 5 -3 12 12 12 12 12 -4 12 -4 0 0 0 0 5 -3 -4 0 0 0 0 5 -3 -4 0 0 0 0 5 -3 0 0 0 0 0 5 0 
0 0 0 0 0 0 5 0 0 0 0 0 -3 5 0 0 0 0 0 -3 5 0 0 0 0 0 -3 5 12 12 12 12 12 12 -4 0 0 0 0 0 -3 5 0 0 0 0 0 -3 5 0 0 0 0 0 -3 5 0 0 0 0 0 0 5 
5 0 0 0 0 0 0 5 0 0 0 0 0 0 5 0 0 0 0 -4 0 5 0 0 0 0 0 0 5 0 0 0 0 -4 0 -4 12 12 12 12 12 12 5 0 0 0 0 0 0 5 0 0 0 0 -4 0 5 0 0 0 0 0 0 
0 5 0 0 0 0 0 0 5 0 0 0 0 0 0 5 0 0 0 0 0 0 5 0 0 0 0 0 0 5 0 0 0 0 0 12 -4 12 12 12 12 12 0 5 0 0 0 0 0 0 5 0 0 0 0 0 0 5 0 0 0 0 0 
0 0 5 0 0 0 0 0 0 5 0 0 0 0 0 0 5 0 0 0 0 0 0 5 0 0 0 0 0 0 5 0 0 0 0 12 12 -4 12 12 12 12 0 0 5 0 0 0 0 0 0 5 0 0 0 0 0 0 5 0 0 0 0 
0 0 0 5 0 0 0 0 0 0 5 0 0 0 0 0 0 5 0 0 0 0 0 0 5 0 0 0 0 0 0 5 0 0 0 12 12 12 -4 12 12 12 0 0 0 5 0 0 0 0 0 0 5 0 0 0 0 0 0 5 0 0 0 
0 0 0 0 5 0 0 0 0 0 0 5 0 0 0 0 0 0 5 0 0 0 0 0 0 5 0 0 0 0 0 0 5 0 0 12 12 12 12 -4 12 12 0 0 0 0 5 0 0 0 0 0 0 5 0 0 0 0 0 0 5 0 0 
0 0 0 0 0 5 0 0 0 0 0 0 5 0 -4 0 0 0 0 5 -3 0 0 0 0 0 5 0 -4 0 0 0 0 5 -3 12 12 12 12 12 -4 12 0 0 0 0 0 5 0 -4 0 0 0 0 5 -3 0 0 0 0 0 5 0 
0 0 0 0 0 0 5 0 0 0 0 0 0 5 0 0 0 0 0 -3 5 0 0 0 0 0 0 5 0 0 0 0 0 -3 5 12 12 12 12 12 12 -4 0 0 0 0 0 0 5 0 0 0 0 0 -3 5 0 0 0 0 0 0 5 
5 0 0 0 0 0 0 5 0 0 0 0 0 0 5 0 0 0 0 0 0 5 0 0 0 0 -4 0 5 0 0 0 0 -4 0 5 0 0 0 0 0 0 -4 12 12 12 12 12 12 5 0 0 0 0 -4 0 5 0 0 0 0 -4 0 
0 5 0 0 0 0 0 0 5 0 0 0 0 0 0 5 0 0 0 0 0 0 5 0 0 0 0 0 0 5 0 0 0 0 0 0 5 0 0 0 0 0 12 -4 12 12 12 12 12 0 5 0 0 0 0 0 0 5 0 0 0 0 0 
0 0 5 0 0 0 0 0 0 5 0 0 0 0 0 0 5 0 0 0 0 0 0 5 0 0 0 0 0 0 5 0 0 0 0 0 0 5 0 0 0 0 12 12 -4 12 12 12 12 0 0 5 0 0 0 0 0 0 5 0 0 0 0 
0 0 0 5 0 0 0 0 0 0 5 0 0 0 0 0 0 5 0 0 0 0 0 0 5 0 0 0 0 0 0 5 0 0 0 0 0 0 5 0 0 0 12 12 12 -4 12 12 12 0 0 0 5 0 0 0 0 0 0 5 0 0 0 
0 0 0 0 5 0 0 0 0 0 0 5 0 0 0 0 0 0 5 0 0 0 0 0 0 5 0 0 0 0 0 0 5 0 0 0 0 0 0 5 0 0 12 12 12 12 -4 12 12 0 0 0 0 5 0 0 0 0 0 0 5 0 0 
0 0 0 0 0 5 0 0 0 0 0 0 5 0 0 0 0 0 0 5 0 -4 0 0 0 0 5 -3 -4 0 0 0 0 5 -3 0 0 0 0 0 5 0 12 12 12 12 12 -4 12 -4 0 0 0 0 5 -3 -4 0 0 0 0 5 -3 
0 0 0 0 0 0 5 0 0 0 0 0 0 5 0 0 0 0 0 0 5 0 0 0 0 0 -3 5 0 0 0 0 0 -3 5 0 0 0 0 0 0 5 12 12 12 12 12 12 -4 0 0 0 0 0 -3 5 0 0 0 0 0 -3 5 
5 0 0 0 0 0 0 5 0 0 0 0 0 0 5 0 0 0 0 0 0 5 0 0 0 0 0 0 5 0 0 0 0 -4 0 5 0 0 0 0 -4 0 5 0 0 0 0 -4 0 -4 12 12 12 12 12 12 5 0 0 0 0 -4 0 
0 5 0 0 0 0 0 0 5 0 0 0 0 0 0 5 0 0 0 0 0 0 5 0 0 0 0 0 0 5 0 0 0 0 0 0 5 0 0 0 0 0 0 5 0 0 0 0 0 12 -4 12 12 12 12 12 0 5 0 0 0 0 0 
0 0 5 0 0 0 0 0 0 5 0 0 0 0 0 0 5 0 0 0 0 0 0 5 0 0 0 0 0 0 5 0 0 0 0 0 0 5 0 0 0 0 0 0 5 0 0 0 0 12 12 -4 12 12 12 12 0 0 5 0 0 0 0 
0 0 0 5 0 0 0 0 0 0 5 0 0 0 0 0 0 5 0 0 0 0 0 0 5 0 0 0 0 0 0 5 0 0 0 0 0 0 5 0 0 0 0 0 0 5 0 0 0 12 12 12 -4 12 12 12 0 0 0 5 0 0 0 
0 0 0 0 5 0 0 0 0 0 0 5 0 0 0 0 0 0 5 0 0 0 0 0 0 5 0 0 0 0 0 0 5 0 0 0 0 0 0 5 0 0 0 0 0 0 5 0 0 12 12 12 12 -4 12 12 0 0 0 0 5 0 0 
0 0 0 0 0 5 0 0 0 0 0 0 5 0 0 0 0 0 0 5 0 0 0 0 0 0 5 0 -4 0 0 0 0 5 -3 -4 0 0 0 0 5 -3 -4 0 0 0 0 5 -3 12 12 12 12 12 -4 12 -4 0 0 0 0 5 -3 
0 0 0 0 0 0 5 0 0 0 0 0 0 5 0 0 0 0 0 0 5 0 0 0 0 0 0 5 0 0 0 0 0 -3 5 0 0 0 0 0 -3 5 0 0 0 0 0 -3 5 12 12 12 12 12 12 -4 0 0 0 0 0 -3 5 
5 0 0 0 0 0 0 5 0 0 0 0 0 0 5 0 0 0 0 0 0 5 0 0 0 0 0 0 5 0 0 0 0 0 0 5 0 0 0 0 0 0 5 0 0 0 0 -4 0 5 0 0 0 0 -4 0 -4 12 12 12 12 12 12 
0 5 0 0 0 0 0 0 5 0 0 0 0 0 0 5 0 0 0 0 0 0 5 0 0 0 0 0 0 5 0 0 0 0 0 0 5 0 0 0 0 0 0 5 0 0 0 0 0 0 5 0 0 0 0 0 12 -4 12 12 12 12 12 
0 0 5 0 0 0 0 0 0 5 0 0 0 0 0 0 5 0 0 0 0 0 0 5 0 0 0 0 0 0 5 0 0 0 0 0 0 5 0 0 0 0 0 0 5 0 0 0 0 0 0 5 0 0 0 0 12 12 -4 12 12 12 12 
0 0 0 5 0 0 0 0 0 0 5 0 0 0 0 0 0 5 0 0 0 0 0 0 5 0 0 0 0 0 0 5 0 0 0 0 0 0 5 0 0 0 0 0 0 5 0 0 0 0 0 0 5 0 0 0 12 12 12 -4 12 12 12 
0 0 0 0 5 0 0 0 0 0 0 5 0 0 0 0 0 0 5 0 0 0 0 0 0 5 0 0 0 0 0 0 5 0 0 0 0 0 0 5 0 0 0 0 0 0 5 0 0 0 0 0 0 5 0 0 12 12 12 12 -4 12 12 
0 0 0 0 0 5 0 0 0 0 0 0 5 0 0 0 0 0 0 5 0 0 0 0 0 0 5 0 0 0 0 0 0 5 0 0 0 0 0 0 5 0 -4 0 0 0 0 5 -3 -4 0 0 0 0 5 -3 12 12 12 12 12 -4 12 
0 0 0 0 0 0 5 0 0 0 0 0 0 5 0 0 0 0 0 0 5 0 0 0 0 0 0 5 0 0 0 0 0 0 5 0 0 0 0 0 0 5 0 0 0 0 0 -3 5 0 0 0 0 0 -3 5 12 12 12 12 12 12 -4 
