-4 10 10 10 10 10 10 6 0 0 0 -4 0 0 6 0 0 0 -4 0 0 6 0 0 0 0 0 0 6 0 0 0 0 0 0 6 0 0 0 0 0 0 6 0 0 0 0 0 0 6 0 0 0 0 0 0 6 0 0 0 0 0 0 
10 -4 10 10 10 10 10 0 6 0 -2 0 0 0 0 6 0 -2 0 0 0 0 6 0 0 0 0 0 0 6 0 0 0 0 0 0 6 0 0 0 0 0 0 6 0 0 0 0 0 0 6 0 0 0 0 0 0 6 0 0 0 0 0 
10 10 -4 10 10 10 10 0 0 6 -2 0 -2 0 0 0 6 -2 0 -2 0 0 0 6 0 0 0 0 0 0 6 0 0 0 0 0 0 6 0 0 0 0 0 0 6 0 0 0 0 0 0 6 0 0 0 0 0 0 6 0 0 0 0 
10 10 10 -4 10 10 10 0 -2 -2 6 0 0 0 0 -2 -2 6 0 0 0 0 0 0 6 0 0 0 0 0 0 6 0 0 0 0 0 0 6 0 0 0 0 0 0 6 0 0 0 0 0 0 6 0 0 0 0 0 0 6 0 0 0 
10 10 10 10 -4 10 10 -4 0 0 0 6 -6 0 -4 0 0 0 6 -6 0 0 0 0 0 6 0 0 0 0 0 0 6 0 0 0 0 0 0 6 0 0 0 0 0 0 6 0 0 0 0 0 0 6 0 0 0 0 0 0 6 0 0 
10 10 10 10 10 -4 10 0 0 -2 0 -6 6 -6 0 0 -2 0 -6 6 -6 0 0 0 0 0 6 0 0 0 0 0 0 6 0 0 0 0 0 0 6 0 0 0 0 0 0 6 0 0 0 0 0 0 6 0 0 0 0 0 0 6 0 
10 10 10 10 10 10 -4 0 0 0 0 0 -6 6 0 0 0 0 0 -6 6 0 0 0 0 0 0 6 0 0 0 0 0 0 6 0 0 0 0 0 0 6 0 0 0 0 0 0 6 0 0 0 0 0 0 6 0 0 0 0 0 0 6 
6 0 0 0 -4 0 0 -4 10 10 10 10 10 10 6 0 0 0 -4 0 0 6 0 0 0 -4 0 0 6 0 0 0 -4 0 0 6 0 0 0 0 0 0 6 0 0 0 0 0 0 6 0 0 0 0 0 0 6 0 0 0 0 0 0 
0 6 0 -2 0 0 0 10 -4 10 10 10 10 10 0 6 0 -2 0 0 0 0 6 0 -2 0 0 0 0 6 0 -2 0 0 0 0 6 0 0 0 0 0 0 6 0 0 0 0 0 0 6 0 0 0 0 0 0 6 0 0 0 0 0 
0 0 6 -2 0 -2 0 10 10 -4 10 10 10 10 0 0 6 -2 0 -2 0 0 0 6 -2 0 -2 0 0 0 6 -2 0 -2 0 0 0 6 0 0 0 0 0 0 6 0 0 0 0 0 0 6 0 0 0 0 0 0 6 0 0 0 0 
0 -2 -2 6 0 0 0 10 10 10 -4 10 10 10 0 -2 -2 6 0 0 0 0 -2 -2 6 0 0 0 0 -2 -2 6 0 0 0 0 0 0 6 0 0 0 0 0 0 6 0 0 0 0 0 0 6 0 0 0 0 0 0 6 0 0 0 
-4 0 0 0 6 -6 0 10 10 10 10 -4 10 10 -4 0 0 0 6 -6 0 -4 0 0 0 6 -6 0 -4 0 0 0 6 -6 0 0 0 0 0 6 0 0 0 0 0 0 6 0 0 0 0 0 0 6 0 0 0 0 0 0 6 0 0 
0 0 -2 0 -6 6 -6 10 10 10 10 10 -4 10 0 0 -2 0 -6 6 -6 0 0 -2 0 -6 6 -6 0 0 -2 0 -6 6 -6 0 0 0 0 0 6 0 0 0 0 0 0 6 0 0 0 0 0 0 6 0 0 0 0 0 0 6 0 
0 0 0 0 0 -6 6 10 10 10 10 10 10 -4 0 0 0 0 0 -6 6 0 0 0 0 0 -6 6 0 0 0 0 0 -6 6 0 0 0 0 0 0 6 0 0 0 0 0 0 6 0 0 0 0 0 0 6 0 0 0 0 0 0 6 
6 0 0 0 -4 0 0 6 0 0 0 -4 0 0 -4 10 10 10 10 10 10 6 0 0 0 0 0 0 6 0 0 0 -4 0 0 6 0 0 0 -4 0 0 6 0 0 0 0 0 0 6 0 0 0 0 0 0 6 0 0 0 0 0 0 
0 6 0 -2 0 0 0 0 6 0 -2 0 0 0 10 -4 10 10 10 10 10 0 6 0 0 0 0 0 0 6 0 -2 0 0 0 0 6 0 -2 0 0 0 0 6 0 0 0 0 0 0 6 0 0 0 0 0 0 6 0 0 0 0 0 
0 0 6 -2 0 -2 0 0 0 6 -2 0 -2 0 10 10 -4 10 10 10 10 0 0 6 0 0 0 0 0 0 6 -2 0 -2 0 0 0 6 -2 0 -2 0 0 0 6 0 0 0 0 0 0 6 0 0 0 0 0 0 6 0 0 0 0 
0 -2 -2 6 0 0 0 0 -2 -2 6 0 0 0 10 10 10 -4 10 10 10 0 0 0 6 0 0 0 0 -2 -2 6 0 0 0 0 -2 -2 6 0 0 0 0 0 0 6 0 0 0 0 0 0 6 0 0 0 0 0 0 6 0 0 0 
-4 0 0 0 6 -6 0 -4 0 0 0 6 -6 0 10 10 10 10 -4 10 10 0 0 0 0 6 0 0 -4 0 0 0 6 -6 0 -4 0 0 0 6 -6 0 0 0 0 0 6 0 0 0 0 0 0 6 0 0 0 0 0 0 6 0 0 
0 0 -2 0 -6 6 -6 0 0 -2 0 -6 6 -6 10 10 10 10 10 -4 10 0 0 0 0 0 6 0 0 0 -2 0 -6 6 -6 0 0 -2 0 -6 6 -6 0 0 0 0 0 6 0 0 0 0 0 0 6 0 0 0 0 0 0 6 0 
0 0 0 0 0 -6 6 0 0 0 0 0 -6 6 10 10 10 10 10 10 -4 0 0 0 0 0 0 6 0 0 0 0 0 -6 6 0 0 0 0 0 -6 6 0 0 0 0 0 0 6 0 0 0 0 0 0 6 0 0 0 0 0 0 6 
6 0 0 0 0 0 0 6 0 0 0 -4 0 0 6 0 0 0 0 0 0 -4 10 10 10 10 10 10 6 0 0 0 -4 0 0 6 0 0 0 0 0 0 6 0 0 0 -4 0 0 6 0 0 0 0 0 0 6 0 0 0 0 0 0 
0 6 0 0 0 0 0 0 6 0 -2 0 0 0 0 6 0 0 0 0 0 10 -4 10 10 10 10 10 0 6 0 -2 0 0 0 0 6 0 0 0 0 0 0 6 0 -2 0 0 0 0 6 0 0 0 0 0 0 6 0 0 0 0 0 
0 0 6 0 0 0 0 0 0 6 -2 0 -2 0 0 0 6 0 0 0 0 10 10 -4 10 10 10 10 0 0 6 -2 0 -2 0 0 0 6 0 0 0 0 0 0 6 -2 0 -2 0 0 0 6 0 0 0 0 0 0 6 0 0 0 0 
0 0 0 6 0 0 0 0 -2 -2 6 0 0 0 0 0 0 6 0 0 0 10 10 10 -4 10 10 10 0 -2 -2 6 0 0 0 0 0 0 6 0 0 0 0 -2 -2 6 0 0 0 0 0 0 6 0 0 0 0 0 0 6 0 0 0 
0 0 0 0 6 0 0 -4 0 0 0 6 -6 0 0 0 0 0 6 0 0 10 10 10 10 -4 10 10 -4 0 0 0 6 -6 0 0 0 0 0 6 0 0 -4 0 0 0 6 -6 0 0 0 0 0 6 0 0 0 0 0 0 6 0 0 
0 0 0 0 0 6 0 0 0 -2 0 -6 6 -6 0 0 0 0 0 6 0 10 10 10 10 10 -4 10 0 0 -2 0 -6 6 -6 0 0 0 0 0 6 0 0 0 -2 0 -6 6 -6 0 0 0 0 0 6 0 0 0 0 0 0 6 0 
0 0 0 0 0 0 6 0 0 0 0 0 -6 6 0 0 0 0 0 0 6 10 10 10 10 10 10 -4 0 0 0 0 0 -6 6 0 0 0 0 0 0 6 0 0 0 0 0 -6 6 0 0 0 0 0 0 6 0 0 0 0 0 0 6 
6 0 0 0 0 0 0 6 0 0 0 -4 0 0 6 0 0 0 -4 0 0 6 0 0 0 -4 0 0 -4 10 10 10 10 10 10 6 0 0 0 -4 0 0 6 0 0 0 -4 0 0 6 0 0 0 -4 0 0 6 0 0 0 0 0 0 
0 6 0 0 0 0 0 0 6 0 -2 0 0 0 0 6 0 -2 0 0 0 0 6 0 -2 0 0 0 10 -4 10 10 10 10 10 0 6 0 -2 0 0 0 0 6 0 -2 0 0 0 0 6 0 -2 0 0 0 0 6 0 0 0 0 0 
0 0 6 0 0 0 0 0 0 6 -2 0 -2 0 0 0 6 -2 0 -2 0 0 0 6 -2 0 -2 0 10 10 -4 10 10 10 10 0 0 6 -2 0 -2 0 0 0 6 -2 0 -2 0 0 0 6 -2 0 -2 0 0 0 6 0 0 0 0 
0 0 0 6 0 0 0 0 -2 -2 6 0 0 0 0 -2 -2 6 0 0 0 0 -2 -2 6 0 0 0 10 10 10 -4 10 10 10 0 -2 -2 6 0 0 0 0 -2 -2 6 0 0 0 0 -2 -2 6 0 0 0 0 0 0 6 0 0 0 
0 0 0 0 6 0 0 -4 0 0 0 6 -6 0 -4 0 0 0 6 -6 0 -4 0 0 0 6 -6 0 10 10 10 10 -4 10 10 -4 0 0 0 6 -6 0 -4 0 0 0 6 -6 0 -4 0 0 0 6 -6 0 0 0 0 0 6 0 0 
0 0 0 0 0 6 0 0 0 -2 0 -6 6 -6 0 0 -2 0 -6 6 -6 0 0 -2 0 -6 6 -6 10 10 10 10 10 -4 10 0 0 -2 0 -6 6 -6 0 0 -2 0 -6 6 -6 0 0 -2 0 -6 6 -6 0 0 0 0 0 6 0 
0 0 0 0 0 0 6 0 0 0 0 0 -6 6 0 0 0 0 0 -6 6 0 0 0 0 0 -6 6 10 10 10 10 10 10 -4 0 0 0 0 0 -6 6 0 0 0 0 0 -6 6 0 0 0 0 0 -6 6 0 0 0 0 0 0 6 
6 0 0 0 0 0 0 6 0 0 0 0 0 0 6 0 0 0 -4 0 0 6 0 0 0 0 0 0 6 0 0 0 -4 0 0 -4 10 10 10 10 10 10 6 0 0 0 0 0 0 6 0 0 0 -4 0 0 6 0 0 0 0 0 0 
0 6 0 0 0 0 0 0 6 0 0 0 0 0 0 6 0 -2 0 0 0 0 6 0 0 0 0 0 0 6 0 -2 0 0 0 10 -4 10 10 10 10 10 0 6 0 0 0 0 0 0 6 0 -2 0 0 0 0 6 0 0 0 0 0 
0 0 6 0 0 0 0 0 0 6 0 0 0 0 0 0 6 -2 0 -2 0 0 0 6 0 0 0 0 0 0 6 -2 0 -2 0 10 10 -4 10 10 10 10 0 0 6 0 0 0 0 0 0 6 -2 0 -2 0 0 0 6 0 0 0 0 
0 0 0 6 0 0 0 0 0 0 6 0 0 0 0 -2 -2 6 0 0 0 0 0 0 6 0 0 0 0 -2 -2 6 0 0 0 10 10 10 -4 10 10 10 0 0 0 6 0 0 0 0 -2 -2 6 0 0 0 0 0 0 6 0 0 0 
0 0 0 0 6 0 0 0 0 0 0 6 0 0 -4 0 0 0 6 -6 0 0 0 0 0 6 0 0 -4 0 0 0 6 -6 0 10 10 10 10 -4 10 10 0 0 0 0 6 0 0 -4 0 0 0 6 -6 0 0 0 0 0 6 0 0 
0 0 0 0 0 6 0 0 0 0 0 0 6 0 0 0 -2 0 -6 6 -6 0 0 0 0 0 6 0 0 0 -2 0 -6 6 -6 10 10 10 10 10 -4 10 0 0 0 0 0 6 0 0 0 -2 0 -6 6 -6 0 0 0 0 0 6 0 
0 0 0 0 0 0 6 0 0 0 0 0 0 6 0 0 0 0 0 -6 6 0 0 0 0 0 0 6 0 0 0 0 0 -6 6 10 10 10 10 10 10 -4 0 0 0 0 0 0 6 0 0 0 0 0 -6 6 0 0 0 0 0 0 6 
6 0 0 0 0 0 0 6 0 0 0 0 0 0 6 0 0 0 0 0 0 6 0 0 0 -4 0 0 6 0 0 0 -4 0 0 6 0 0 0 0 0 0 -4 10 10 10 10 10 10 6 0 0 0 -4 0 0 6 0 0 0 -4 0 0 
0 6 0 0 0 0 0 0 6 0 0 0 0 0 0 6 0 0 0 0 0 0 6 0 -2 0 0 0 0 6 0 -2 0 0 0 0 6 0 0 0 0 0 10 -4 10 10 10 10 10 0 6 0 -2 0 0 0 0 6 0 -2 0 0 0 
0 0 6 0 0 0 0 0 0 6 0 0 0 0 0 0 6 0 0 0 0 0 0 6 -2 0 -2 0 0 0 6 -2 0 -2 0 0 0 6 0 0 0 0 10 10 -4 10 10 10 10 0 0 6 -2 0 -2 0 0 0 6 -2 0 -2 0 
0 0 0 6 0 0 0 0 0 0 6 0 0 0 0 0 0 6 0 0 0 0 -2 -2 6 0 0 0 0 -2 -2 6 0 0 0 0 0 0 6 0 0 0 10 10 10 -4 10 10 10 0 -2 -2 6 0 0 0 0 -2 -2 6 0 0 0 
0 0 0 0 6 0 0 0 0 0 0 6 0 0 0 0 0 0 6 0 0 -4 0 0 0 6 -6 0 -4 0 0 0 6 -6 0 0 0 0 0 6 0 0 10 10 10 10 -4 10 10 -4 0 0 0 6 -6 0 -4 0 0 0 6 -6 0 
0 0 0 0 0 6 0 0 0 0 0 0 6 0 0 0 0 0 0 6 0 0 0 -2 0 -6 6 -6 0 0 -2 0 -6 6 -6 0 0 0 0 0 6 0 10 10 10 10 10 -4 10 0 0 -2 0 -6 6 -6 0 0 -2 0 -6 6 -6 
0 0 0 0 0 0 6 0 0 0 0 0 0 6 0 0 0 0 0 0 6 0 0 0 0 0 -6 6 0 0 0 0 0 -6 6 0 0 0 0 0 0 6 10 10 10 10 10 10 -4 0 0 0 0 0 -6 6 0 0 0 0 0 -6 6 
6 0 0 0 0 0 0 6 0 0 0 0 0 0 6 0 0 0 0 0 0 6 0 0 0 0 0 0 6 0 0 0 -4 0 0 6 0 0 0 -4 0 0 6 0 0 0 -4 0 0 -4 10 10 10 10 10 10 6 0 0 0 -4 0 0 
0 6 0 0 0 0 0 0 6 0 0 0 0 0 0 6 0 0 0 0 0 0 6 0 0 0 0 0 0 6 0 -2 0 0 0 0 6 0 -2 0 0 0 0 6 0 -2 0 0 0 10 -4 10 10 10 10 10 0 6 0 -2 0 0 0 
0 0 6 0 0 0 0 0 0 6 0 0 0 0 0 0 6 0 0 0 0 0 0 6 0 0 0 0 0 0 6 -2 0 -2 0 0 0 6 -2 0 -2 0 0 0 6 -2 0 -2 0 10 10 -4 10 10 10 10 0 0 6 -2 0 -2 0 
0 0 0 6 0 0 0 0 0 0 6 0 0 0 0 0 0 6 0 0 0 0 0 0 6 0 0 0 0 -2 -2 6 0 0 0 0 -2 -2 6 0 0 0 0 -2 -2 6 0 0 0 10 10 10 -4 10 10 10 0 -2 -2 6 0 0 0 
0 0 0 0 6 0 0 0 0 0 0 6 0 0 0 0 0 0 6 0 0 0 0 0 0 6 0 0 -4 0 0 0 6 -6 0 -4 0 0 0 6 -6 0 -4 0 0 0 6 -6 0 10 10 10 10 -4 10 10 -4 0 0 0 6 -6 0 
0 0 0 0 0 6 0 0 0 0 0 0 6 0 0 0 0 0 0 6 0 0 0 0 0 0 6 0 0 0 -2 0 -6 6 -6 0 0 -2 0 -6 6 -6 0 0 -2 0 -6 6 -6 10 10 10 10 10 -4 10 0 0 -2 0 -6 6 -6 
0 0 0 0 0 0 6 0 0 0 0 0 0 6 0 0 0 0 0 0 6 0 0 0 0 0 0 6 0 0 0 0 0 -6 6 0 0 0 0 0 -6 6 0 0 0 0 0 -6 6 10 10 10 10 10 10 -4 0 0 0 0 0 -6 6 
6 0 0 0 0 0 0 6 0 0 0 0 0 0 6 0 0 0 0 0 0 6 0 0 0 0 0 0 6 0 0 0 0 0 0 6 0 0 0 0 0 0 6 0 0 0 -4 0 0 6 0 0 0 -4 0 0 -4 10 10 10 10 10 10 
0 6 0 0 0 0 0 0 6 0 0 0 0 0 0 6 0 0 0 0 0 0 6 0 0 0 0 0 0 6 0 0 0 0 0 0 6 0 0 0 0 0 0 6 0 -2 0 0 0 0 6 0 -2 0 0 0 10 -4 10 10 10 10 10 
0 0 6 0 0 0 0 0 0 6 0 0 0 0 0 0 6 0 0 0 0 0 0 6 0 0 0 0 0 0 6 0 0 0 0 0 0 6 0 0 0 0 0 0 6 -2 0 -2 0 0 0 6 -2 0 -2 0 10 10 -4 10 10 10 10 
0 0 0 6 0 0 0 0 0 0 6 0 0 0 0 0 0 6 0 0 0 0 0 0 6 0 0 0 0 0 0 6 0 0 0 0 0 0 6 0 0 0 0 -2 -2 6 0 0 0 0 -2 -2 6 0 0 0 10 10 10 -4 10 10 10 
0 0 0 0 6 0 0 0 0 0 0 6 0 0 0 0 0 0 6 0 0 0 0 0 0 6 0 0 0 0 0 0 6 0 0 0 0 0 0 6 0 0 -4 0 0 0 6 -6 0 -4 0 0 0 6 -6 0 10 10 10 10 -4 10 10 
0 0 0 0 0 6 0 0 0 0 0 0 6 0 0 0 0 0 0 6 0 0 0 0 0 0 6 0 0 0 0 0 0 6 0 0 0 0 0 0 6 0 0 0 -2 0 -6 6 -6 0 0 -2 0 -6 6 -6 10 10 10 10 10 -4 10 
0 0 0 0 0 0 6 0 0 0 0 0 0 6 0 0 0 0 0 0 6 0 0 0 0 0 0 6 0 0 0 0 0 0 6 0 0 0 0 0 0 6 0 0 0 0 0 -6 6 0 0 0 0 0 -6 6 10 10 10 10 10 10 -4 
