-4 12 12 12 12 12 12 6 0 0 0 -3 0 -3 6 0 0 0 -3 0 -3 6 0 0 0 0 0 0 6 0 0 0 0 0 0 6 0 0 0 0 0 0 6 0 0 0 0 0 0 6 0 0 0 0 0 0 6 0 0 0 0 0 0 
12 -4 12 12 12 12 12 0 6 0 -1 0 0 0 0 6 0 -1 0 0 0 0 6 0 0 0 0 0 0 6 0 0 0 0 0 0 6 0 0 0 0 0 0 6 0 0 0 0 0 0 6 0 0 0 0 0 0 6 0 0 0 0 0 
12 12 -4 12 12 12 12 0 0 6 -1 0 -1 0 0 0 6 -1 0 -1 0 0 0 6 0 0 0 0 0 0 6 0 0 0 0 0 0 6 0 0 0 0 0 0 6 0 0 0 0 0 0 6 0 0 0 0 0 0 6 0 0 0 0 
12 12 12 -4 12 12 12 0 -1 -1 6 0 0 0 0 -1 -1 6 0 0 0 0 0 0 6 0 0 0 0 0 0 6 0 0 0 0 0 0 6 0 0 0 0 0 0 6 0 0 0 0 0 0 6 0 0 0 0 0 0 6 0 0 0 
12 12 12 12 -4 12 12 -3 0 0 0 6 -4 0 -3 0 0 0 6 -4 0 0 0 0 0 6 0 0 0 0 0 0 6 0 0 0 0 0 0 6 0 0 0 0 0 0 6 0 0 0 0 0 0 6 0 0 0 0 0 0 6 0 0 
12 12 12 12 12 -4 12 0 0 -1 0 -4 6 -4 0 0 -1 0 -4 6 -4 0 0 0 0 0 6 0 0 0 0 0 0 6 0 0 0 0 0 0 6 0 0 0 0 0 0 6 0 0 0 0 0 0 6 0 0 0 0 0 0 6 0 
12 12 12 12 12 12 -4 -3 0 0 0 0 -4 6 -3 0 0 0 0 -4 6 0 0 0 0 0 0 6 0 0 0 0 0 0 6 0 0 0 0 0 0 6 0 0 0 0 0 0 6 0 0 0 0 0 0 6 0 0 0 0 0 0 6 
6 0 0 0 -3 0 -3 -4 12 12 12 12 12 12 6 0 0 0 -3 0 -3 6 0 0 0 -3 0 -3 6 0 0 0 -3 0 -3 6 0 0 0 0 0 0 6 0 0 0 0 0 0 6 0 0 0 0 0 0 6 0 0 0 0 0 0 
0 6 0 -1 0 0 0 12 -4 12 12 12 12 12 0 6 0 -1 0 0 0 0 6 0 -1 0 0 0 0 6 0 -1 0 0 0 0 6 0 0 0 0 0 0 6 0 0 0 0 0 0 6 0 0 0 0 0 0 6 0 0 0 0 0 
0 0 6 -1 0 -1 0 12 12 -4 12 12 12 12 0 0 6 -1 0 -1 0 0 0 6 -1 0 -1 0 0 0 6 -1 0 -1 0 0 0 6 0 0 0 0 0 0 6 0 0 0 0 0 0 6 0 0 0 0 0 0 6 0 0 0 0 
0 -1 -1 6 0 0 0 12 12 12 -4 12 12 12 0 -1 -1 6 0 0 0 0 -1 -1 6 0 0 0 0 -1 -1 6 0 0 0 0 0 0 6 0 0 0 0 0 0 6 0 0 0 0 0 0 6 0 0 0 0 0 0 6 0 0 0 
-3 0 0 0 6 -4 0 12 12 12 12 -4 12 12 -3 0 0 0 6 -4 0 -3 0 0 0 6 -4 0 -3 0 0 0 6 -4 0 0 0 0 0 6 0 0 0 0 0 0 6 0 0 0 0 0 0 6 0 0 0 0 0 0 6 0 0 
0 0 -1 0 -4 6 -4 12 12 12 12 12 -4 12 0 0 -1 0 -4 6 -4 0 0 -1 0 -4 6 -4 0 0 -1 0 -4 6 -4 0 0 0 0 0 6 0 0 0 0 0 0 6 0 0 0 0 0 0 6 0 0 0 0 0 0 6 0 
-3 0 0 0 0 -4 6 12 12 12 12 12 12 -4 -3 0 0 0 0 -4 6 -3 0 0 0 0 -4 6 -3 0 0 0 0 -4 6 0 0 0 0 0 0 6 0 0 0 0 0 0 6 0 0 0 0 0 0 6 0 0 0 0 0 0 6 
6 0 0 0 -3 0 -3 6 0 0 0 -3 0 -3 -4 12 12 12 12 12 12 6 0 0 0 0 0 0 6 0 0 0 -3 0 -3 6 0 0 0 -3 0 -3 6 0 0 0 0 0 0 6 0 0 0 0 0 0 6 0 0 0 0 0 0 
0 6 0 -1 0 0 0 0 6 0 -1 0 0 0 12 -4 12 12 12 12 12 0 6 0 0 0 0 0 0 6 0 -1 0 0 0 0 6 0 -1 0 0 0 0 6 0 0 0 0 0 0 6 0 0 0 0 0 0 6 0 0 0 0 0 
0 0 6 -1 0 -1 0 0 0 6 -1 0 -1 0 12 12 -4 12 12 12 12 0 0 6 0 0 0 0 0 0 6 -1 0 -1 0 0 0 6 -1 0 -1 0 0 0 6 0 0 0 0 0 0 6 0 0 0 0 0 0 6 0 0 0 0 
0 -1 -1 6 0 0 0 0 -1 -1 6 0 0 0 12 12 12 -4 12 12 12 0 0 0 6 0 0 0 0 -1 -1 6 0 0 0 0 -1 -1 6 0 0 0 0 0 0 6 0 0 0 0 0 0 6 0 0 0 0 0 0 6 0 0 0 
-3 0 0 0 6 -4 0 -3 0 0 0 6 -4 0 12 12 12 12 -4 12 12 0 0 0 0 6 0 0 -3 0 0 0 6 -4 0 -3 0 0 0 6 -4 0 0 0 0 0 6 0 0 0 0 0 0 6 0 0 0 0 0 0 6 0 0 
0 0 -1 0 -4 6 -4 0 0 -1 0 -4 6 -4 12 12 12 12 12 -4 12 0 0 0 0 0 6 0 0 0 -1 0 -4 6 -4 0 0 -1 0 -4 6 -4 0 0 0 0 0 6 0 0 0 0 0 0 6 0 0 0 0 0 0 6 0 
-3 0 0 0 0 -4 6 -3 0 0 0 0 -4 6 12 12 12 12 12 12 -4 0 0 0 0 0 0 6 -3 0 0 0 0 -4 6 -3 0 0 0 0 -4 6 0 0 0 0 0 0 6 0 0 0 0 0 0 6 0 0 0 0 0 0 6 
6 0 0 0 0 0 0 6 0 0 0 -3 0 -3 6 0 0 0 0 0 0 -4 12 12 12 12 12 12 6 0 0 0 -3 0 -3 6 0 0 0 0 0 0 6 0 0 0 -3 0 -3 6 0 0 0 0 0 0 6 0 0 0 0 0 0 
0 6 0 0 0 0 0 0 6 0 -1 0 0 0 0 6 0 0 0 0 0 12 -4 12 12 12 12 12 0 6 0 -1 0 0 0 0 6 0 0 0 0 0 0 6 0 -1 0 0 0 0 6 0 0 0 0 0 0 6 0 0 0 0 0 
0 0 6 0 0 0 0 0 0 6 -1 0 -1 0 0 0 6 0 0 0 0 12 12 -4 12 12 12 12 0 0 6 -1 0 -1 0 0 0 6 0 0 0 0 0 0 6 -1 0 -1 0 0 0 6 0 0 0 0 0 0 6 0 0 0 0 
0 0 0 6 0 0 0 0 -1 -1 6 0 0 0 0 0 0 6 0 0 0 12 12 12 -4 12 12 12 0 -1 -1 6 0 0 0 0 0 0 6 0 0 0 0 -1 -1 6 0 0 0 0 0 0 6 0 0 0 0 0 0 6 0 0 0 
0 0 0 0 6 0 0 -3 0 0 0 6 -4 0 0 0 0 0 6 0 0 12 12 12 12 -4 12 12 -3 0 0 0 6 -4 0 0 0 0 0 6 0 0 -3 0 0 0 6 -4 0 0 0 0 0 6 0 0 0 0 0 0 6 0 0 
0 0 0 0 0 6 0 0 0 -1 0 -4 6 -4 0 0 0 0 0 6 0 12 12 12 12 12 -4 12 0 0 -1 0 -4 6 -4 0 0 0 0 0 6 0 0 0 -1 0 -4 6 -4 0 0 0 0 0 6 0 0 0 0 0 0 6 0 
0 0 0 0 0 0 6 -3 0 0 0 0 -4 6 0 0 0 0 0 0 6 12 12 12 12 12 12 -4 -3 0 0 0 0 -4 6 0 0 0 0 0 0 6 -3 0 0 0 0 -4 6 0 0 0 0 0 0 6 0 0 0 0 0 0 6 
6 0 0 0 0 0 0 6 0 0 0 -3 0 -3 6 0 0 0 -3 0 -3 6 0 0 0 -3 0 -3 -4 12 12 12 12 12 12 6 0 0 0 -3 0 -3 6 0 0 0 -3 0 -3 6 0 0 0 -3 0 -3 6 0 0 0 0 0 0 
0 6 0 0 0 0 0 0 6 0 -1 0 0 0 0 6 0 -1 0 0 0 0 6 0 -1 0 0 0 12 -4 12 12 12 12 12 0 6 0 -1 0 0 0 0 6 0 -1 0 0 0 0 6 0 -1 0 0 0 0 6 0 0 0 0 0 
0 0 6 0 0 0 0 0 0 6 -1 0 -1 0 0 0 6 -1 0 -1 0 0 0 6 -1 0 -1 0 12 12 -4 12 12 12 12 0 0 6 -1 0 -1 0 0 0 6 -1 0 -1 0 0 0 6 -1 0 -1 0 0 0 6 0 0 0 0 
0 0 0 6 0 0 0 0 -1 -1 6 0 0 0 0 -1 -1 6 0 0 0 0 -1 -1 6 0 0 0 12 12 12 -4 12 12 12 0 -1 -1 6 0 0 0 0 -1 -1 6 0 0 0 0 -1 -1 6 0 0 0 0 0 0 6 0 0 0 
0 0 0 0 6 0 0 -3 0 0 0 6 -4 0 -3 0 0 0 6 -4 0 -3 0 0 0 6 -4 0 12 12 12 12 -4 12 12 -3 0 0 0 6 -4 0 -3 0 0 0 6 -4 0 -3 0 0 0 6 -4 0 0 0 0 0 6 0 0 
0 0 0 0 0 6 0 0 0 -1 0 -4 6 -4 0 0 -1 0 -4 6 -4 0 0 -1 0 -4 6 -4 12 12 12 12 12 -4 12 0 0 -1 0 -4 6 -4 0 0 -1 0 -4 6 -4 0 0 -1 0 -4 6 -4 0 0 0 0 0 6 0 
0 0 0 0 0 0 6 -3 0 0 0 0 -4 6 -3 0 0 0 0 -4 6 -3 0 0 0 0 -4 6 12 12 12 12 12 12 -4 -3 0 0 0 0 -4 6 -3 0 0 0 0 -4 6 -3 0 0 0 0 -4 6 0 0 0 0 0 0 6 
6 0 0 0 0 0 0 6 0 0 0 0 0 0 6 0 0 0 -3 0 -3 6 0 0 0 0 0 0 6 0 0 0 -3 0 -3 -4 12 12 12 12 12 12 6 0 0 0 0 0 0 6 0 0 0 -3 0 -3 6 0 0 0 0 0 0 
0 6 0 0 0 0 0 0 6 0 0 0 0 0 0 6 0 -1 0 0 0 0 6 0 0 0 0 0 0 6 0 -1 0 0 0 12 -4 12 12 12 12 12 0 6 0 0 0 0 0 0 6 0 -1 0 0 0 0 6 0 0 0 0 0 
0 0 6 0 0 0 0 0 0 6 0 0 0 0 0 0 6 -1 0 -1 0 0 0 6 0 0 0 0 0 0 6 -1 0 -1 0 12 12 -4 12 12 12 12 0 0 6 0 0 0 0 0 0 6 -1 0 -1 0 0 0 6 0 0 0 0 
0 0 0 6 0 0 0 0 0 0 6 0 0 0 0 -1 -1 6 0 0 0 0 0 0 6 0 0 0 0 -1 -1 6 0 0 0 12 12 12 -4 12 12 12 0 0 0 6 0 0 0 0 -1 -1 6 0 0 0 0 0 0 6 0 0 0 
0 0 0 0 6 0 0 0 0 0 0 6 0 0 -3 0 0 0 6 -4 0 0 0 0 0 6 0 0 -3 0 0 0 6 -4 0 12 12 12 12 -4 12 12 0 0 0 0 6 0 0 -3 0 0 0 6 -4 0 0 0 0 0 6 0 0 
0 0 0 0 0 6 0 0 0 0 0 0 6 0 0 0 -1 0 -4 6 -4 0 0 0 0 0 6 0 0 0 -1 0 -4 6 -4 12 12 12 12 12 -4 12 0 0 0 0 0 6 0 0 0 -1 0 -4 6 -4 0 0 0 0 0 6 0 
0 0 0 0 0 0 6 0 0 0 0 0 0 6 -3 0 0 0 0 -4 6 0 0 0 0 0 0 6 -3 0 0 0 0 -4 6 12 12 12 12 12 12 -4 0 0 0 0 0 0 6 -3 0 0 0 0 -4 6 0 0 0 0 0 0 6 
6 0 0 0 0 0 0 6 0 0 0 0 0 0 6 0 0 0 0 0 0 6 0 0 0 -3 0 -3 6 0 0 0 -3 0 -3 6 0 0 0 0 0 0 -4 12 12 12 12 12 12 6 0 0 0 -3 0 -3 6 0 0 0 -3 0 -3 
0 6 0 0 0 0 0 0 6 0 0 0 0 0 0 6 0 0 0 0 0 0 6 0 -1 0 0 0 0 6 0 -1 0 0 0 0 6 0 0 0 0 0 12 -4 12 12 12 12 12 0 6 0 -1 0 0 0 0 6 0 -1 0 0 0 
0 0 6 0 0 0 0 0 0 6 0 0 0 0 0 0 6 0 0 0 0 0 0 6 -1 0 -1 0 0 0 6 -1 0 -1 0 0 0 6 0 0 0 0 12 12 -4 12 12 12 12 0 0 6 -1 0 -1 0 0 0 6 -1 0 -1 0 
0 0 0 6 0 0 0 0 0 0 6 0 0 0 0 0 0 6 0 0 0 0 -1 -1 6 0 0 0 0 -1 -1 6 0 0 0 0 0 0 6 0 0 0 12 12 12 -4 12 12 12 0 -1 -1 6 0 0 0 0 -1 -1 6 0 0 0 
0 0 0 0 6 0 0 0 0 0 0 6 0 0 0 0 0 0 6 0 0 -3 0 0 0 6 -4 0 -3 0 0 0 6 -4 0 0 0 0 0 6 0 0 12 12 12 12 -4 12 12 -3 0 0 0 6 -4 0 -3 0 0 0 6 -4 0 
0 0 0 0 0 6 0 0 0 0 0 0 6 0 0 0 0 0 0 6 0 0 0 -1 0 -4 6 -4 0 0 -1 0 -4 6 -4 0 0 0 0 0 6 0 12 12 12 12 12 -4 12 0 0 -1 0 -4 6 -4 0 0 -1 0 -4 6 -4 
0 0 0 0 0 0 6 0 0 0 0 0 0 6 0 0 0 0 0 0 6 -3 0 0 0 0 -4 6 -3 0 0 0 0 -4 6 0 0 0 0 0 0 6 12 12 12 12 12 12 -4 -3 0 0 0 0 -4 6 -3 0 0 0 0 -4 6 
6 0 0 0 0 0 0 6 0 0 0 0 0 0 6 0 0 0 0 0 0 6 0 0 0 0 0 0 6 0 0 0 -3 0 -3 6 0 0 0 -3 0 -3 6 0 0 0 -3 0 -3 -4 12 12 12 12 12 12 6 0 0 0 -3 0 -3 
0 6 0 0 0 0 0 0 6 0 0 0 0 0 0 6 0 0 0 0 0 0 6 0 0 0 0 0 0 6 0 -1 0 0 0 0 6 0 -1 0 0 0 0 6 0 -1 0 0 0 12 -4 12 12 12 12 12 0 6 0 -1 0 0 0 
0 0 6 0 0 0 0 0 0 6 0 0 0 0 0 0 6 0 0 0 0 0 0 6 0 0 0 0 0 0 6 -1 0 -1 0 0 0 6 -1 0 -1 0 0 0 6 -1 0 -1 0 12 12 -4 12 12 12 12 0 0 6 -1 0 -1 0 
0 0 0 6 0 0 0 0 0 0 6 0 0 0 0 0 0 6 0 0 0 0 0 0 6 0 0 0 0 -1 -1 6 0 0 0 0 -1 -1 6 0 0 0 0 -1 -1 6 0 0 0 12 12 12 -4 12 12 12 0 -1 -1 6 0 0 0 
0 0 0 0 6 0 0 0 0 0 0 6 0 0 0 0 0 0 6 0 0 0 0 0 0 6 0 0 -3 0 0 0 6 -4 0 -3 0 0 0 6 -4 0 -3 0 0 0 6 -4 0 12 12 12 12 -4 12 12 -3 0 0 0 6 -4 0 
0 0 0 0 0 6 0 0 0 0 0 0 6 0 0 0 0 0 0 6 0 0 0 0 0 0 6 0 0 0 -1 0 -4 6 -4 0 0 -1 0 -4 6 -4 0 0 -1 0 -4 6 -4 12 12 12 12 12 -4 12 0 0 -1 0 -4 6 -4 
0 0 0 0 0 0 6 0 0 0 0 0 0 6 0 0 0 0 0 0 6 0 0 0 0 0 0 6 -3 0 0 0 0 -4 6 -3 0 0 0 0 -4 6 -3 0 0 0 0 -4 6 12 12 12 12 12 12 -4 -3 0 0 0 0 -4 6 
6 0 0 0 0 0 0 6 0 0 0 0 0 0 6 0 0 0 0 0 0 6 0 0 0 0 0 0 6 0 0 0 0 0 0 6 0 0 0 0 0 0 6 0 0 0 -3 0 -3 6 0 0 0 -3 0 -3 -4 12 12 12 12 12 12 
0 6 0 0 0 0 0 0 6 0 0 0 0 0 0 6 0 0 0 0 0 0 6 0 0 0 0 0 0 6 0 0 0 0 0 0 6 0 0 0 0 0 0 6 0 -1 0 0 0 0 6 0 -1 0 0 0 12 -4 12 12 12 12 12 
0 0 6 0 0 0 0 0 0 6 0 0 0 0 0 0 6 0 0 0 0 0 0 6 0 0 0 0 0 0 6 0 0 0 0 0 0 6 0 0 0 0 0 0 6 -1 0 -1 0 0 0 6 -1 0 -1 0 12 12 -4 12 12 12 12 
0 0 0 6 0 0 0 0 0 0 6 0 0 0 0 0 0 6 0 0 0 0 0 0 6 0 0 0 0 0 0 6 0 0 0 0 0 0 6 0 0 0 0 -1 -1 6 0 0 0 0 -1 -1 6 0 0 0 12 12 12 -4 12 12 12 
0 0 0 0 6 0 0 0 0 0 0 6 0 0 0 0 0 0 6 0 0 0 0 0 0 6 0 0 0 0 0 0 6 0 0 0 0 0 0 6 0 0 -3 0 0 0 6 -4 0 -3 0 0 0 6 -4 0 12 12 12 12 -4 12 12 
0 0 0 0 0 6 0 0 0 0 0 0 6 0 0 0 0 0 0 6 0 0 0 0 0 0 6 0 0 0 0 0 0 6 0 0 0 0 0 0 6 0 0 0 -1 0 -4 6 -4 0 0 -1 0 -4 6 -4 12 12 12 12 12 -4 12 
0 0 0 0 0 0 6 0 0 0 0 0 0 6 0 0 0 0 0 0 6 0 0 0 0 0 0 6 0 0 0 0 0 0 6 0 0 0 0 0 0 6 -3 0 0 0 0 -4 6 -3 0 0 0 0 -4 6 12 12 12 12 12 12 -4 
