-4 14 14 14 14 14 14 6 0 0 0 -4 0 -4 6 0 0 0 -4 0 -4 6 0 0 0 0 0 0 6 0 0 0 0 0 0 6 0 0 0 0 0 0 6 0 0 0 0 0 0 6 0 0 0 0 0 0 6 0 0 0 0 0 0 
14 -4 14 14 14 14 14 0 6 0 -2 0 0 0 0 6 0 -2 0 0 0 0 6 0 0 0 0 0 0 6 0 0 0 0 0 0 6 0 0 0 0 0 0 6 0 0 0 0 0 0 6 0 0 0 0 0 0 6 0 0 0 0 0 
14 14 -4 14 14 14 14 0 0 6 -2 0 -2 0 0 0 6 -2 0 -2 0 0 0 6 0 0 0 0 0 0 6 0 0 0 0 0 0 6 0 0 0 0 0 0 6 0 0 0 0 0 0 6 0 0 0 0 0 0 6 0 0 0 0 
14 14 14 -4 14 14 14 0 -2 -2 6 0 0 0 0 -2 -2 6 0 0 0 0 0 0 6 0 0 0 0 0 0 6 0 0 0 0 0 0 6 0 0 0 0 0 0 6 0 0 0 0 0 0 6 0 0 0 0 0 0 6 0 0 0 
14 14 14 14 -4 14 14 -4 0 0 0 6 -6 0 -4 0 0 0 6 -6 0 0 0 0 0 6 0 0 0 0 0 0 6 0 0 0 0 0 0 6 0 0 0 0 0 0 6 0 0 0 0 0 0 6 0 0 0 0 0 0 6 0 0 
14 14 14 14 14 -4 14 0 0 -2 0 -6 6 -6 0 0 -2 0 -6 6 -6 0 0 0 0 0 6 0 0 0 0 0 0 6 0 0 0 0 0 0 6 0 0 0 0 0 0 6 0 0 0 0 0 0 6 0 0 0 0 0 0 6 0 
14 14 14 14 14 14 -4 -4 0 0 0 0 -6 6 -4 0 0 0 0 -6 6 0 0 0 0 0 0 6 0 0 0 0 0 0 6 0 0 0 0 0 0 6 0 0 0 0 0 0 6 0 0 0 0 0 0 6 0 0 0 0 0 0 6 
6 0 0 0 -4 0 -4 -4 14 14 14 14 14 14 6 0 0 0 -4 0 -4 6 0 0 0 -4 0 -4 6 0 0 0 -4 0 -4 6 0 0 0 0 0 0 6 0 0 0 0 0 0 6 0 0 0 0 0 0 6 0 0 0 0 0 0 
0 6 0 -2 0 0 0 14 -4 14 14 14 14 14 0 6 0 -2 0 0 0 0 6 0 -2 0 0 0 0 6 0 -2 0 0 0 0 6 0 0 0 0 0 0 6 0 0 0 0 0 0 6 0 0 0 0 0 0 6 0 0 0 0 0 
0 0 6 -2 0 -2 0 14 14 -4 14 14 14 14 0 0 6 -2 0 -2 0 0 0 6 -2 0 -2 0 0 0 6 -2 0 -2 0 0 0 6 0 0 0 0 0 0 6 0 0 0 0 0 0 6 0 0 0 0 0 0 6 0 0 0 0 
0 -2 -2 6 0 0 0 14 14 14 -4 14 14 14 0 -2 -2 6 0 0 0 0 -2 -2 6 0 0 0 0 -2 -2 6 0 0 0 0 0 0 6 0 0 0 0 0 0 6 0 0 0 0 0 0 6 0 0 0 0 0 0 6 0 0 0 
-4 0 0 0 6 -6 0 14 14 14 14 -4 14 14 -4 0 0 0 6 -6 0 -4 0 0 0 6 -6 0 -4 0 0 0 6 -6 0 0 0 0 0 6 0 0 0 0 0 0 6 0 0 0 0 0 0 6 0 0 0 0 0 0 6 0 0 
0 0 -2 0 -6 6 -6 14 14 14 14 14 -4 14 0 0 -2 0 -6 6 -6 0 0 -2 0 -6 6 -6 0 0 -2 0 -6 6 -6 0 0 0 0 0 6 0 0 0 0 0 0 6 0 0 0 0 0 0 6 0 0 0 0 0 0 6 0 
-4 0 0 0 0 -6 6 14 14 14 14 14 14 -4 -4 0 0 0 0 -6 6 -4 0 0 0 0 -6 6 -4 0 0 0 0 -6 6 0 0 0 0 0 0 6 0 0 0 0 0 0 6 0 0 0 0 0 0 6 0 0 0 0 0 0 6 
6 0 0 0 -4 0 -4 6 0 0 0 -4 0 -4 -4 14 14 14 14 14 14 6 0 0 0 0 0 0 6 0 0 0 -4 0 -4 6 0 0 0 -4 0 -4 6 0 0 0 0 0 0 6 0 0 0 0 0 0 6 0 0 0 0 0 0 
0 6 0 -2 0 0 0 0 6 0 -2 0 0 0 14 -4 14 14 14 14 14 0 6 0 0 0 0 0 0 6 0 -2 0 0 0 0 6 0 -2 0 0 0 0 6 0 0 0 0 0 0 6 0 0 0 0 0 0 6 0 0 0 0 0 
0 0 6 -2 0 -2 0 0 0 6 -2 0 -2 0 14 14 -4 14 14 14 14 0 0 6 0 0 0 0 0 0 6 -2 0 -2 0 0 0 6 -2 0 -2 0 0 0 6 0 0 0 0 0 0 6 0 0 0 0 0 0 6 0 0 0 0 
0 -2 -2 6 0 0 0 0 -2 -2 6 0 0 0 14 14 14 -4 14 14 14 0 0 0 6 0 0 0 0 -2 -2 6 0 0 0 0 -2 -2 6 0 0 0 0 0 0 6 0 0 0 0 0 0 6 0 0 0 0 0 0 6 0 0 0 
-4 0 0 0 6 -6 0 -4 0 0 0 6 -6 0 14 14 14 14 -4 14 14 0 0 0 0 6 0 0 -4 0 0 0 6 -6 0 -4 0 0 0 6 -6 0 0 0 0 0 6 0 0 0 0 0 0 6 0 0 0 0 0 0 6 0 0 
0 0 -2 0 -6 6 -6 0 0 -2 0 -6 6 -6 14 14 14 14 14 -4 14 0 0 0 0 0 6 0 0 0 -2 0 -6 6 -6 0 0 -2 0 -6 6 -6 0 0 0 0 0 6 0 0 0 0 0 0 6 0 0 0 0 0 0 6 0 
-4 0 0 0 0 -6 6 -4 0 0 0 0 -6 6 14 14 14 14 14 14 -4 0 0 0 0 0 0 6 -4 0 0 0 0 -6 6 -4 0 0 0 0 -6 6 0 0 0 0 0 0 6 0 0 0 0 0 0 6 0 0 0 0 0 0 6 
6 0 0 0 0 0 0 6 0 0 0 -4 0 -4 6 0 0 0 0 0 0 -4 14 14 14 14 14 14 6 0 0 0 -4 0 -4 6 0 0 0 0 0 0 6 0 0 0 -4 0 -4 6 0 0 0 0 0 0 6 0 0 0 0 0 0 
0 6 0 0 0 0 0 0 6 0 -2 0 0 0 0 6 0 0 0 0 0 14 -4 14 14 14 14 14 0 6 0 -2 0 0 0 0 6 0 0 0 0 0 0 6 0 -2 0 0 0 0 6 0 0 0 0 0 0 6 0 0 0 0 0 
0 0 6 0 0 0 0 0 0 6 -2 0 -2 0 0 0 6 0 0 0 0 14 14 -4 14 14 14 14 0 0 6 -2 0 -2 0 0 0 6 0 0 0 0 0 0 6 -2 0 -2 0 0 0 6 0 0 0 0 0 0 6 0 0 0 0 
0 0 0 6 0 0 0 0 -2 -2 6 0 0 0 0 0 0 6 0 0 0 14 14 14 -4 14 14 14 0 -2 -2 6 0 0 0 0 0 0 6 0 0 0 0 -2 -2 6 0 0 0 0 0 0 6 0 0 0 0 0 0 6 0 0 0 
0 0 0 0 6 0 0 -4 0 0 0 6 -6 0 0 0 0 0 6 0 0 14 14 14 14 -4 14 14 -4 0 0 0 6 -6 0 0 0 0 0 6 0 0 -4 0 0 0 6 -6 0 0 0 0 0 6 0 0 0 0 0 0 6 0 0 
0 0 0 0 0 6 0 0 0 -2 0 -6 6 -6 0 0 0 0 0 6 0 14 14 14 14 14 -4 14 0 0 -2 0 -6 6 -6 0 0 0 0 0 6 0 0 0 -2 0 -6 6 -6 0 0 0 0 0 6 0 0 0 0 0 0 6 0 
0 0 0 0 0 0 6 -4 0 0 0 0 -6 6 0 0 0 0 0 0 6 14 14 14 14 14 14 -4 -4 0 0 0 0 -6 6 0 0 0 0 0 0 6 -4 0 0 0 0 -6 6 0 0 0 0 0 0 6 0 0 0 0 0 0 6 
6 0 0 0 0 0 0 6 0 0 0 -4 0 -4 6 0 0 0 -4 0 -4 6 0 0 0 -4 0 -4 -4 14 14 14 14 14 14 6 0 0 0 -4 0 -4 6 0 0 0 -4 0 -4 6 0 0 0 -4 0 -4 6 0 0 0 0 0 0 
0 6 0 0 0 0 0 0 6 0 -2 0 0 0 0 6 0 -2 0 0 0 0 6 0 -2 0 0 0 14 -4 14 14 14 14 14 0 6 0 -2 0 0 0 0 6 0 -2 0 0 0 0 6 0 -2 0 0 0 0 6 0 0 0 0 0 
0 0 6 0 0 0 0 0 0 6 -2 0 -2 0 0 0 6 -2 0 -2 0 0 0 6 -2 0 -2 0 14 14 -4 14 14 14 14 0 0 6 -2 0 -2 0 0 0 6 -2 0 -2 0 0 0 6 -2 0 -2 0 0 0 6 0 0 0 0 
0 0 0 6 0 0 0 0 -2 -2 6 0 0 0 0 -2 -2 6 0 0 0 0 -2 -2 6 0 0 0 14 14 14 -4 14 14 14 0 -2 -2 6 0 0 0 0 -2 -2 6 0 0 0 0 -2 -2 6 0 0 0 0 0 0 6 0 0 0 
0 0 0 0 6 0 0 -4 0 0 0 6 -6 0 -4 0 0 0 6 -6 0 -4 0 0 0 6 -6 0 14 14 14 14 -4 14 14 -4 0 0 0 6 -6 0 -4 0 0 0 6 -6 0 -4 0 0 0 6 -6 0 0 0 0 0 6 0 0 
0 0 0 0 0 6 0 0 0 -2 0 -6 6 -6 0 0 -2 0 -6 6 -6 0 0 -2 0 -6 6 -6 14 14 14 14 14 -4 14 0 0 -2 0 -6 6 -6 0 0 -2 0 -6 6 -6 0 0 -2 0 -6 6 -6 0 0 0 0 0 6 0 
0 0 0 0 0 0 6 -4 0 0 0 0 -6 6 -4 0 0 0 0 -6 6 -4 0 0 0 0 -6 6 14 14 14 14 14 14 -4 -4 0 0 0 0 -6 6 -4 0 0 0 0 -6 6 -4 0 0 0 0 -6 6 0 0 0 0 0 0 6 
6 0 0 0 0 0 0 6 0 0 0 0 0 0 6 0 0 0 -4 0 -4 6 0 0 0 0 0 0 6 0 0 0 -4 0 -4 -4 14 14 14 14 14 14 6 0 0 0 0 0 0 6 0 0 0 -4 0 -4 6 0 0 0 0 0 0 
0 6 0 0 0 0 0 0 6 0 0 0 0 0 0 6 0 -2 0 0 0 0 6 0 0 0 0 0 0 6 0 -2 0 0 0 14 -4 14 14 14 14 14 0 6 0 0 0 0 0 0 6 0 -2 0 0 0 0 6 0 0 0 0 0 
0 0 6 0 0 0 0 0 0 6 0 0 0 0 0 0 6 -2 0 -2 0 0 0 6 0 0 0 0 0 0 6 -2 0 -2 0 14 14 -4 14 14 14 14 0 0 6 0 0 0 0 0 0 6 -2 0 -2 0 0 0 6 0 0 0 0 
0 0 0 6 0 0 0 0 0 0 6 0 0 0 0 -2 -2 6 0 0 0 0 0 0 6 0 0 0 0 -2 -2 6 0 0 0 14 14 14 -4 14 14 14 0 0 0 6 0 0 0 0 -2 -2 6 0 0 0 0 0 0 6 0 0 0 
0 0 0 0 6 0 0 0 0 0 0 6 0 0 -4 0 0 0 6 -6 0 0 0 0 0 6 0 0 -4 0 0 0 6 -6 0 14 14 14 14 -4 14 14 0 0 0 0 6 0 0 -4 0 0 0 6 -6 0 0 0 0 0 6 0 0 
0 0 0 0 0 6 0 0 0 0 0 0 6 0 0 0 -2 0 -6 6 -6 0 0 0 0 0 6 0 0 0 -2 0 -6 6 -6 14 14 14 14 14 -4 14 0 0 0 0 0 6 0 0 0 -2 0 -6 6 -6 0 0 0 0 0 6 0 
0 0 0 0 0 0 6 0 0 0 0 0 0 6 -4 0 0 0 0 -6 6 0 0 0 0 0 0 6 -4 0 0 0 0 -6 6 14 14 14 14 14 14 -4 0 0 0 0 0 0 6 -4 0 0 0 0 -6 6 0 0 0 0 0 0 6 
6 0 0 0 0 0 0 6 0 0 0 0 0 0 6 0 0 0 0 0 0 6 0 0 0 -4 0 -4 6 0 0 0 -4 0 -4 6 0 0 0 0 0 0 -4 14 14 14 14 14 14 6 0 0 0 -4 0 -4 6 0 0 0 -4 0 -4 
0 6 0 0 0 0 0 0 6 0 0 0 0 0 0 6 0 0 0 0 0 0 6 0 -2 0 0 0 0 6 0 -2 0 0 0 0 6 0 0 0 0 0 14 -4 14 14 14 14 14 0 6 0 -2 0 0 0 0 6 0 -2 0 0 0 
0 0 6 0 0 0 0 0 0 6 0 0 0 0 0 0 6 0 0 0 0 0 0 6 -2 0 -2 0 0 0 6 -2 0 -2 0 0 0 6 0 0 0 0 14 14 -4 14 14 14 14 0 0 6 -2 0 -2 0 0 0 6 -2 0 -2 0 
0 0 0 6 0 0 0 0 0 0 6 0 0 0 0 0 0 6 0 0 0 0 -2 -2 6 0 0 0 0 -2 -2 6 0 0 0 0 0 0 6 0 0 0 14 14 14 -4 14 14 14 0 -2 -2 6 0 0 0 0 -2 -2 6 0 0 0 
0 0 0 0 6 0 0 0 0 0 0 6 0 0 0 0 0 0 6 0 0 -4 0 0 0 6 -6 0 -4 0 0 0 6 -6 0 0 0 0 0 6 0 0 14 14 14 14 -4 14 14 -4 0 0 0 6 -6 0 -4 0 0 0 6 -6 0 
0 0 0 0 0 6 0 0 0 0 0 0 6 0 0 0 0 0 0 6 0 0 0 -2 0 -6 6 -6 0 0 -2 0 -6 6 -6 0 0 0 0 0 6 0 14 14 14 14 14 -4 14 0 0 -2 0 -6 6 -6 0 0 -2 0 -6 6 -6 
0 0 0 0 0 0 6 0 0 0 0 0 0 6 0 0 0 0 0 0 6 -4 0 0 0 0 -6 6 -4 0 0 0 0 -6 6 0 0 0 0 0 0 6 14 14 14 14 14 14 -4 -4 0 0 0 0 -6 6 -4 0 0 0 0 -6 6 
6 0 0 0 0 0 0 6 0 0 0 0 0 0 6 0 0 0 0 0 0 6 0 0 0 0 0 0 6 0 0 0 -4 0 -4 6 0 0 0 -4 0 -4 6 0 0 0 -4 0 -4 -4 14 14 14 14 14 14 6 0 0 0 -4 0 -4 
0 6 0 0 0 0 0 0 6 0 0 0 0 0 0 6 0 0 0 0 0 0 6 0 0 0 0 0 0 6 0 -2 0 0 0 0 6 0 -2 0 0 0 0 6 0 -2 0 0 0 14 -4 14 14 14 14 14 0 6 0 -2 0 0 0 
0 0 6 0 0 0 0 0 0 6 0 0 0 0 0 0 6 0 0 0 0 0 0 6 0 0 0 0 0 0 6 -2 0 -2 0 0 0 6 -2 0 -2 0 0 0 6 -2 0 -2 0 14 14 -4 14 14 14 14 0 0 6 -2 0 -2 0 
0 0 0 6 0 0 0 0 0 0 6 0 0 0 0 0 0 6 0 0 0 0 0 0 6 0 0 0 0 -2 -2 6 0 0 0 0 -2 -2 6 0 0 0 0 -2 -2 6 0 0 0 14 14 14 -4 14 14 14 0 -2 -2 6 0 0 0 
0 0 0 0 6 0 0 0 0 0 0 6 0 0 0 0 0 0 6 0 0 0 0 0 0 6 0 0 -4 0 0 0 6 -6 0 -4 0 0 0 6 -6 0 -4 0 0 0 6 -6 0 14 14 14 14 -4 14 14 -4 0 0 0 6 -6 0 
0 0 0 0 0 6 0 0 0 0 0 0 6 0 0 0 0 0 0 6 0 0 0 0 0 0 6 0 0 0 -2 0 -6 6 -6 0 0 -2 0 -6 6 -6 0 0 -2 0 -6 6 -6 14 14 14 14 14 -4 14 0 0 -2 0 -6 6 -6 
0 0 0 0 0 0 6 0 0 0 0 0 0 6 0 0 0 0 0 0 6 0 0 0 0 0 0 6 -4 0 0 0 0 -6 6 -4 0 0 0 0 -6 6 -4 0 0 0 0 -6 6 14 14 14 14 14 14 -4 -4 0 0 0 0 -6 6 
6 0 0 0 0 0 0 6 0 0 0 0 0 0 6 0 0 0 0 0 0 6 0 0 0 0 0 0 6 0 0 0 0 0 0 6 0 0 0 0 0 0 6 0 0 0 -4 0 -4 6 0 0 0 -4 0 -4 -4 14 14 14 14 14 14 
0 6 0 0 0 0 0 0 6 0 0 0 0 0 0 6 0 0 0 0 0 0 6 0 0 0 0 0 0 6 0 0 0 0 0 0 6 0 0 0 0 0 0 6 0 -2 0 0 0 0 6 0 -2 0 0 0 14 -4 14 14 14 14 14 
0 0 6 0 0 0 0 0 0 6 0 0 0 0 0 0 6 0 0 0 0 0 0 6 0 0 0 0 0 0 6 0 0 0 0 0 0 6 0 0 0 0 0 0 6 -2 0 -2 0 0 0 6 -2 0 -2 0 14 14 -4 14 14 14 14 
0 0 0 6 0 0 0 0 0 0 6 0 0 0 0 0 0 6 0 0 0 0 0 0 6 0 0 0 0 0 0 6 0 0 0 0 0 0 6 0 0 0 0 -2 -2 6 0 0 0 0 -2 -2 6 0 0 0 14 14 14 -4 14 14 14 
0 0 0 0 6 0 0 0 0 0 0 6 0 0 0 0 0 0 6 0 0 0 0 0 0 6 0 0 0 0 0 0 6 0 0 0 0 0 0 6 0 0 -4 0 0 0 6 -6 0 -4 0 0 0 6 -6 0 14 14 14 14 -4 14 14 
0 0 0 0 0 6 0 0 0 0 0 0 6 0 0 0 0 0 0 6 0 0 0 0 0 0 6 0 0 0 0 0 0 6 0 0 0 0 0 0 6 0 0 0 -2 0 -6 6 -6 0 0 -2 0 -6 6 -6 14 14 14 14 14 -4 14 
0 0 0 0 0 0 6 0 0 0 0 0 0 6 0 0 0 0 0 0 6 0 0 0 0 0 0 6 0 0 0 0 0 0 6 0 0 0 0 0 0 6 -4 0 0 0 0 -6 6 -4 0 0 0 0 -6 6 14 14 14 14 14 14 -4 
